[
  [
    {
      "max_amplitude": 100.0, 
      "emittance": 2.70184089423581, 
      "cov": [
        [
          937.9025634436028, 
          172.33538817039565, 
          -70.0642352150052, 
          -487.05167540890204
        ], 
        [
          172.33538817039565, 
          484.4870728490102, 
          604.8940800865403, 
          162.96624446208625
        ], 
        [
          -70.0642352150052, 
          604.8940800865403, 
          1334.8724580695143, 
          544.482517122019
        ], 
        [
          -487.05167540890204, 
          162.96624446208625, 
          544.482517122019, 
          480.82727632136726
        ]
      ], 
      "n_events": 4525.0, 
      "mean": [
        -5.50165673847351, 
        1.4080391022260375, 
        0.3463961462783526, 
        2.872168974546979
      ]
    }, 
    {
      "max_amplitude": 100.0, 
      "emittance": 2.70184089423581, 
      "cov": [
        [
          937.9025634436028, 
          172.33538817039565, 
          -70.0642352150052, 
          -487.05167540890204
        ], 
        [
          172.33538817039565, 
          484.4870728490102, 
          604.8940800865403, 
          162.96624446208625
        ], 
        [
          -70.0642352150052, 
          604.8940800865403, 
          1334.8724580695143, 
          544.482517122019
        ], 
        [
          -487.05167540890204, 
          162.96624446208625, 
          544.482517122019, 
          480.82727632136726
        ]
      ], 
      "n_events": 4525.0, 
      "mean": [
        -5.50165673847351, 
        1.4080391022260375, 
        0.3463961462783526, 
        2.872168974546979
      ]
    }, 
    {
      "max_amplitude": 95.0, 
      "emittance": 2.697044358032273, 
      "cov": [
        [
          937.932954136877, 
          172.2895286181756, 
          -70.38032246556861, 
          -486.9778778657904
        ], 
        [
          172.2895286181756, 
          484.5543281892863, 
          604.8851486348351, 
          163.08837058333017
        ], 
        [
          -70.38032246556861, 
          604.8851486348351, 
          1334.6567952822659, 
          544.9111703043395
        ], 
        [
          -486.9778778657904, 
          163.08837058333017, 
          544.9111703043395, 
          480.7474558699153
        ]
      ], 
      "n_events": 4524.0, 
      "mean": [
        -5.4954047439546585, 
        1.4110059630796181, 
        0.35701892215671716, 
        2.8657567203332057
      ]
    }, 
    {
      "max_amplitude": 89.1111068725586, 
      "emittance": 2.697044358032273, 
      "cov": [
        [
          937.932954136877, 
          172.2895286181756, 
          -70.38032246556861, 
          -486.9778778657904
        ], 
        [
          172.2895286181756, 
          484.5543281892863, 
          604.8851486348351, 
          163.08837058333017
        ], 
        [
          -70.38032246556861, 
          604.8851486348351, 
          1334.6567952822659, 
          544.9111703043395
        ], 
        [
          -486.9778778657904, 
          163.08837058333017, 
          544.9111703043395, 
          480.7474558699153
        ]
      ], 
      "n_events": 4524.0, 
      "mean": [
        -5.4954047439546585, 
        1.4110059630796181, 
        0.35701892215671716, 
        2.8657567203332057
      ]
    }, 
    {
      "max_amplitude": 85.0, 
      "emittance": 2.6928861416985383, 
      "cov": [
        [
          937.5174068787662, 
          172.28658675023738, 
          -69.99950142831172, 
          -486.9865901593052
        ], 
        [
          172.28658675023738, 
          484.65875617892607, 
          605.0449953478682, 
          163.13094647316674
        ], 
        [
          -69.99950142831172, 
          605.0449953478682, 
          1334.6996469498015, 
          544.9686782260375
        ], 
        [
          -486.9865901593052, 
          163.13094647316674, 
          544.9686782260375, 
          480.8380255363076
        ]
      ], 
      "n_events": 4523.0, 
      "mean": [
        -5.507137909432396, 
        1.4102331357071038, 
        0.36448496607289993, 
        2.8676207031546035
      ]
    }, 
    {
      "max_amplitude": 78.95166778564453, 
      "emittance": 2.6928861416985383, 
      "cov": [
        [
          937.5174068787662, 
          172.28658675023738, 
          -69.99950142831172, 
          -486.9865901593052
        ], 
        [
          172.28658675023738, 
          484.65875617892607, 
          605.0449953478682, 
          163.13094647316674
        ], 
        [
          -69.99950142831172, 
          605.0449953478682, 
          1334.6996469498015, 
          544.9686782260375
        ], 
        [
          -486.9865901593052, 
          163.13094647316674, 
          544.9686782260375, 
          480.8380255363076
        ]
      ], 
      "n_events": 4523.0, 
      "mean": [
        -5.507137909432396, 
        1.4102331357071038, 
        0.36448496607289993, 
        2.8676207031546035
      ]
    }, 
    {
      "max_amplitude": 75.0, 
      "emittance": 2.6855029047546735, 
      "cov": [
        [
          937.500976320784, 
          172.00210805779733, 
          -70.55314302487497, 
          -486.98515132160924
        ], 
        [
          172.00210805779733, 
          484.3772380177544, 
          604.8079279989048, 
          163.5604029584061
        ], 
        [
          -70.55314302487497, 
          604.8079279989048, 
          1334.6330360301788, 
          545.5337747838178
        ], 
        [
          -486.98515132160924, 
          163.5604029584061, 
          545.5337747838178, 
          480.7823741037439
        ]
      ], 
      "n_events": 4521.0, 
      "mean": [
        -5.499398326821856, 
        1.4243805648687597, 
        0.37653403191056684, 
        2.856779121661232
      ]
    }, 
    {
      "max_amplitude": 70.0, 
      "emittance": 2.6785956957895705, 
      "cov": [
        [
          937.5652313621329, 
          171.80082390339382, 
          -70.52910083175519, 
          -487.204846889483
        ], 
        [
          171.80082390339382, 
          484.2811166207258, 
          605.0433266242325, 
          163.44639080072722
        ], 
        [
          -70.52910083175519, 
          605.0433266242325, 
          1335.1515573313507, 
          545.6230142550394
        ], 
        [
          -487.204846889483, 
          163.44639080072722, 
          545.6230142550394, 
          480.6268236261992
        ]
      ], 
      "n_events": 4519.0, 
      "mean": [
        -5.489051871552308, 
        1.42903521274726, 
        0.37195541433595797, 
        2.8498000794413483
      ]
    }, 
    {
      "max_amplitude": 61.357765197753906, 
      "emittance": 2.675383334860665, 
      "cov": [
        [
          937.764950222693, 
          171.88310023858938, 
          -70.48111243434663, 
          -487.3179571605079
        ], 
        [
          171.88310023858938, 
          484.13718803482067, 
          604.8163229430188, 
          163.512500706864
        ], 
        [
          -70.48111243434663, 
          604.8163229430188, 
          1334.9283359193985, 
          545.78680283111
        ], 
        [
          -487.3179571605079, 
          163.512500706864, 
          545.78680283111, 
          480.7296355884493
        ]
      ], 
      "n_events": 4518.0, 
      "mean": [
        -5.487738712245591, 
        1.4215816242860078, 
        0.3612425705963498, 
        2.850688699726139
      ]
    }, 
    {
      "max_amplitude": 57.718650817871094, 
      "emittance": 2.6639188283640354, 
      "cov": [
        [
          936.6027173115541, 
          172.5108395692418, 
          -69.84229643034664, 
          -486.4302781868545
        ], 
        [
          172.5108395692418, 
          483.6721235843319, 
          604.6051409593722, 
          163.2114765568097
        ], 
        [
          -69.84229643034664, 
          604.6051409593722, 
          1335.0866058933348, 
          545.7881325775769
        ], 
        [
          -486.4302781868545, 
          163.2114765568097, 
          545.7881325775769, 
          479.93702150790205
        ]
      ], 
      "n_events": 4514.0, 
      "mean": [
        -5.487462138540897, 
        1.4141927953486206, 
        0.34512528706993906, 
        2.8639665668605456
      ]
    }, 
    {
      "max_amplitude": 53.5528678894043, 
      "emittance": 2.6536400988696913, 
      "cov": [
        [
          936.0883777408383, 
          172.82669850251906, 
          -69.60781566785765, 
          -486.08121086316936
        ], 
        [
          172.82669850251906, 
          483.5861669997934, 
          604.8071936886806, 
          163.40081698970317
        ], 
        [
          -69.60781566785765, 
          604.8071936886806, 
          1335.6067500594436, 
          546.1771078788573
        ], 
        [
          -486.08121086316936, 
          163.40081698970317, 
          546.1771078788573, 
          479.6418120622988
        ]
      ], 
      "n_events": 4510.0, 
      "mean": [
        -5.476332519293502, 
        1.398336276133325, 
        0.33526057100526063, 
        2.8524726291820035
      ]
    }, 
    {
      "max_amplitude": 49.706295013427734, 
      "emittance": 2.6443907310750845, 
      "cov": [
        [
          934.2013778208577, 
          172.9955988453554, 
          -70.10426859516383, 
          -484.7908939378697
        ], 
        [
          172.9955988453554, 
          483.78344336725377, 
          605.6475444746466, 
          163.61888401737988
        ], 
        [
          -70.10426859516383, 
          605.6475444746466, 
          1335.8361703184642, 
          546.4208162262239
        ], 
        [
          -484.7908939378697, 
          163.61888401737988, 
          546.4208162262239, 
          478.5684477197499
        ]
      ], 
      "n_events": 4506.0, 
      "mean": [
        -5.46977099663682, 
        1.3953702898639357, 
        0.3225498090677241, 
        2.8319117746567963
      ]
    }, 
    {
      "max_amplitude": 44.649696350097656, 
      "emittance": 2.6344527227858694, 
      "cov": [
        [
          932.8193868668791, 
          172.6902951490857, 
          -70.95542673489562, 
          -483.5795346588325
        ], 
        [
          172.6902951490857, 
          483.69641687528195, 
          605.439006372159, 
          163.77660910963027
        ], 
        [
          -70.95542673489562, 
          605.439006372159, 
          1335.20499436629, 
          546.4750263538829
        ], 
        [
          -483.5795346588325, 
          163.77660910963027, 
          546.4750263538829, 
          477.15918023125187
        ]
      ], 
      "n_events": 4501.0, 
      "mean": [
        -5.448778958349539, 
        1.419617972804842, 
        0.3617269334107137, 
        2.835142997833873
      ]
    }, 
    {
      "max_amplitude": 38.741546630859375, 
      "emittance": 2.6150903316015706, 
      "cov": [
        [
          923.087210857567, 
          173.70678131917674, 
          -71.9345757875804, 
          -478.5231802868161
        ], 
        [
          173.70678131917674, 
          483.49576429198885, 
          605.266757632915, 
          163.55569081144387
        ], 
        [
          -71.9345757875804, 
          605.266757632915, 
          1335.4327044892873, 
          547.440785671582
        ], 
        [
          -478.5231802868161, 
          163.55569081144387, 
          547.440785671582, 
          474.5377929820183
        ]
      ], 
      "n_events": 4490.0, 
      "mean": [
        -5.428420711572968, 
        1.401527526112058, 
        0.3355350020364746, 
        2.8210815395338917
      ]
    }, 
    {
      "max_amplitude": 34.49658203125, 
      "emittance": 2.6004502816316304, 
      "cov": [
        [
          918.3840694969892, 
          172.96610505838868, 
          -74.9869295624875, 
          -476.69243356408873
        ], 
        [
          172.96610505838868, 
          483.4710188098565, 
          605.3420619075255, 
          164.20185140735435
        ], 
        [
          -74.9869295624875, 
          605.3420619075255, 
          1334.652294336091, 
          549.1315066320577
        ], 
        [
          -476.69243356408873, 
          164.20185140735435, 
          549.1315066320577, 
          473.7910928657178
        ]
      ], 
      "n_events": 4480.0, 
      "mean": [
        -5.480197663048008, 
        1.3946080063991158, 
        0.31836025475694957, 
        2.828319524478976
      ]
    }, 
    {
      "max_amplitude": 29.99590301513672, 
      "emittance": 2.543792834130774, 
      "cov": [
        [
          909.7941680503429, 
          174.43748862193712, 
          -79.1771365325582, 
          -473.6345145535537
        ], 
        [
          174.43748862193712, 
          479.44469991232705, 
          600.2213309549779, 
          162.95009970998754
        ], 
        [
          -79.1771365325582, 
          600.2213309549779, 
          1322.7713904821255, 
          549.4351292085607
        ], 
        [
          -473.6345145535537, 
          162.95009970998754, 
          549.4351292085607, 
          472.0434741741774
        ]
      ], 
      "n_events": 4434.0, 
      "mean": [
        -5.4798338193999685, 
        1.3871672978610536, 
        0.23808592827276615, 
        2.7943709994546095
      ]
    }, 
    {
      "max_amplitude": 24.9252872467041, 
      "emittance": 2.4521990932407385, 
      "cov": [
        [
          885.2576165873036, 
          176.94010996298184, 
          -84.8469724677122, 
          -465.292281736745
        ], 
        [
          176.94010996298184, 
          476.1210356520283, 
          600.3213660090022, 
          162.30205098789494
        ], 
        [
          -84.8469724677122, 
          600.3213660090022, 
          1317.692931728772, 
          552.7971049173916
        ], 
        [
          -465.292281736745, 
          162.30205098789494, 
          552.7971049173916, 
          469.3838840617793
        ]
      ], 
      "n_events": 4339.0, 
      "mean": [
        -5.545577195808491, 
        1.2635623112350243, 
        0.10084923875516286, 
        2.769685614370501
      ]
    }, 
    {
      "max_amplitude": 19.983816146850586, 
      "emittance": 2.2863743343642926, 
      "cov": [
        [
          846.5100309069077, 
          175.72216326217574, 
          -92.81832945290373, 
          -451.00655285791333
        ], 
        [
          175.72216326217574, 
          466.44472550341567, 
          595.6862431733355, 
          162.4494278434005
        ], 
        [
          -92.81832945290373, 
          595.6862431733355, 
          1301.1520548318388, 
          556.4603439998884
        ], 
        [
          -451.00655285791333, 
          162.4494278434005, 
          556.4603439998884, 
          463.69609593908854
        ]
      ], 
      "n_events": 4115.0, 
      "mean": [
        -5.088718436614845, 
        1.1771802317063964, 
        -0.047082541379776646, 
        2.4730784872181437
      ]
    }, 
    {
      "max_amplitude": 14.979253768920898, 
      "emittance": 1.9459558887729391, 
      "cov": [
        [
          747.7819289729325, 
          162.52049735419672, 
          -110.49147373906183, 
          -410.5698698882437
        ], 
        [
          162.52049735419672, 
          433.289552120905, 
          577.3987472961347, 
          163.80868282008853
        ], 
        [
          -110.49147373906183, 
          577.3987472961347, 
          1265.3284146357355, 
          560.5733772584347
        ], 
        [
          -410.5698698882437, 
          163.80868282008853, 
          560.5733772584347, 
          444.5666851430791
        ]
      ], 
      "n_events": 3516.0, 
      "mean": [
        -4.660386671888335, 
        1.1006419741031277, 
        0.20593969337185697, 
        2.325828194648233
      ]
    }, 
    {
      "max_amplitude": 9.996331214904785, 
      "emittance": 1.4520388860599178, 
      "cov": [
        [
          556.6532594926481, 
          116.87619849499683, 
          -129.944438371158, 
          -324.07356201482895
        ], 
        [
          116.87619849499683, 
          366.3511010545214, 
          537.3358486937003, 
          168.98428064266585
        ], 
        [
          -129.944438371158, 
          537.3358486937003, 
          1198.87041289318, 
          549.3228657970503
        ], 
        [
          -324.07356201482895, 
          168.98428064266585, 
          549.3228657970503, 
          393.9836198931194
        ]
      ], 
      "n_events": 2410.0, 
      "mean": [
        -3.655763374618332, 
        0.6888531616583909, 
        0.15168495076920388, 
        1.8567157547301372
      ]
    }, 
    {
      "max_amplitude": 5.0, 
      "emittance": 0.8045623293181394, 
      "cov": [
        [
          319.47639790708496, 
          42.74089638640028, 
          -131.0593941496523, 
          -207.03971096725627
        ], 
        [
          42.74089638640028, 
          234.51634778869914, 
          377.2366255850955, 
          141.06298367424787
        ], 
        [
          -131.0593941496523, 
          377.2366255850955, 
          861.5104365773162, 
          421.6355696853799
        ], 
        [
          -207.03971096725627, 
          141.06298367424787, 
          421.6355696853799, 
          280.6609579159791
        ]
      ], 
      "n_events": 856.0, 
      "mean": [
        -3.2258577945243347, 
        1.1234742285169925, 
        0.6014236944184213, 
        1.8531290202138668
      ]
    }, 
    {
      "max_amplitude": 0.0, 
      "emittance": 0.8045623293181394, 
      "cov": [
        [
          407.05960662437, 
          -18.30703806451869, 
          -364.2038626999447, 
          -336.07017224660405
        ], 
        [
          -18.30703806451869, 
          463.4774663133397, 
          892.1988430038099, 
          391.9119054547263
        ], 
        [
          -364.2038626999447, 
          892.1988430038099, 
          2097.4153073578277, 
          1054.24569546024
        ], 
        [
          -336.07017224660405, 
          391.9119054547263, 
          1054.24569546024, 
          603.2062484351851
        ]
      ], 
      "n_events": 100.0, 
      "mean": [
        1.2297478868248704, 
        2.967575415139866, 
        3.3207797683485003, 
        1.112297370864828
      ]
    }
  ], 
  [
    {
      "max_amplitude": 174.9239044189453, 
      "emittance": 2.701355822039133, 
      "cov": [
        [
          924.4915893484315, 
          156.23227962882274, 
          -105.51439898680849, 
          -488.52907783325236
        ], 
        [
          156.23227962882274, 
          475.85704647415304, 
          590.6342806717303, 
          166.08496235609218
        ], 
        [
          -105.51439898680849, 
          590.6342806717303, 
          1319.2291418368536, 
          555.0210709580953
        ], 
        [
          -488.52907783325236, 
          166.08496235609218, 
          555.0210709580953, 
          483.46598993631744
        ]
      ], 
      "n_events": 4429.0, 
      "mean": [
        -4.969279283557056, 
        1.2156555782937277, 
        -0.17526954391222127, 
        2.137998823778408
      ]
    }, 
    {
      "max_amplitude": 99.0087890625, 
      "emittance": 2.6845392713550877, 
      "cov": [
        [
          924.6396543660908, 
          156.5734433984895, 
          -105.37740407673341, 
          -488.7361728825352
        ], 
        [
          156.5734433984895, 
          475.66412065677275, 
          590.5707405624222, 
          166.37996922720768
        ], 
        [
          -105.37740407673341, 
          590.5707405624222, 
          1319.5443566285792, 
          555.5110366258666
        ], 
        [
          -488.7361728825352, 
          166.37996922720768, 
          555.5110366258666, 
          483.2833409211502
        ]
      ], 
      "n_events": 4427.0, 
      "mean": [
        -4.959476428473036, 
        1.2094148681819306, 
        -0.17815645109573705, 
        2.131337448744535
      ]
    }, 
    {
      "max_amplitude": 95.0, 
      "emittance": 2.6745497242389282, 
      "cov": [
        [
          924.5965497582354, 
          156.5141117023336, 
          -106.04876613051876, 
          -488.8148533704949
        ], 
        [
          156.5141117023336, 
          475.63078018970486, 
          590.013984026836, 
          166.53741706254158
        ], 
        [
          -106.04876613051876, 
          590.013984026836, 
          1317.314667381388, 
          556.0834203922487
        ], 
        [
          -488.8148533704949, 
          166.53741706254158, 
          556.0834203922487, 
          483.44952099750054
        ]
      ], 
      "n_events": 4425.0, 
      "mean": [
        -4.953735697766496, 
        1.2200045981861851, 
        -0.1429373707862926, 
        2.1277815493038013
      ]
    }, 
    {
      "max_amplitude": 90.0, 
      "emittance": 2.6745497242389282, 
      "cov": [
        [
          924.5965497582354, 
          156.5141117023336, 
          -106.04876613051876, 
          -488.8148533704949
        ], 
        [
          156.5141117023336, 
          475.63078018970486, 
          590.013984026836, 
          166.53741706254158
        ], 
        [
          -106.04876613051876, 
          590.013984026836, 
          1317.314667381388, 
          556.0834203922487
        ], 
        [
          -488.8148533704949, 
          166.53741706254158, 
          556.0834203922487, 
          483.44952099750054
        ]
      ], 
      "n_events": 4425.0, 
      "mean": [
        -4.953735697766496, 
        1.2200045981861851, 
        -0.1429373707862926, 
        2.1277815493038013
      ]
    }, 
    {
      "max_amplitude": 85.0, 
      "emittance": 2.670238171837012, 
      "cov": [
        [
          924.7440584256393, 
          156.60341134677105, 
          -105.98877105887007, 
          -488.9785734633912
        ], 
        [
          156.60341134677105, 
          475.691004721319, 
          590.0737149502386, 
          166.62174111277108
        ], 
        [
          -105.98877105887007, 
          590.0737149502386, 
          1317.4977664155936, 
          556.2818082373219
        ], 
        [
          -488.9785734633912, 
          166.62174111277108, 
          556.2818082373219, 
          483.5127184718069
        ]
      ], 
      "n_events": 4424.0, 
      "mean": [
        -4.950008762783274, 
        1.2167360394268525, 
        -0.14802731673041805, 
        2.1310083372787885
      ]
    }, 
    {
      "max_amplitude": 79.52272033691406, 
      "emittance": 2.670238171837012, 
      "cov": [
        [
          924.7440584256393, 
          156.60341134677105, 
          -105.98877105887007, 
          -488.9785734633912
        ], 
        [
          156.60341134677105, 
          475.691004721319, 
          590.0737149502386, 
          166.62174111277108
        ], 
        [
          -105.98877105887007, 
          590.0737149502386, 
          1317.4977664155936, 
          556.2818082373219
        ], 
        [
          -488.9785734633912, 
          166.62174111277108, 
          556.2818082373219, 
          483.5127184718069
        ]
      ], 
      "n_events": 4424.0, 
      "mean": [
        -4.950008762783274, 
        1.2167360394268525, 
        -0.14802731673041805, 
        2.1310083372787885
      ]
    }, 
    {
      "max_amplitude": 72.24124145507812, 
      "emittance": 2.6664662738045775, 
      "cov": [
        [
          924.780073934534, 
          156.99506677141724, 
          -105.60889660606341, 
          -488.9818291710323
        ], 
        [
          156.99506677141724, 
          475.0652048572027, 
          589.3758123731491, 
          166.43853753094638
        ], 
        [
          -105.60889660606341, 
          589.3758123731491, 
          1316.8532777065102, 
          556.157198026297
        ], 
        [
          -488.9818291710323, 
          166.43853753094638, 
          556.157198026297, 
          483.55551139576806
        ]
      ], 
      "n_events": 4423.0, 
      "mean": [
        -4.943755258569997, 
        1.203862538284079, 
        -0.1626205887811469, 
        2.127131098768006
      ]
    }, 
    {
      "max_amplitude": 66.6806640625, 
      "emittance": 2.6664662738045775, 
      "cov": [
        [
          924.780073934534, 
          156.99506677141724, 
          -105.60889660606341, 
          -488.9818291710323
        ], 
        [
          156.99506677141724, 
          475.0652048572027, 
          589.3758123731491, 
          166.43853753094638
        ], 
        [
          -105.60889660606341, 
          589.3758123731491, 
          1316.8532777065102, 
          556.157198026297
        ], 
        [
          -488.9818291710323, 
          166.43853753094638, 
          556.157198026297, 
          483.55551139576806
        ]
      ], 
      "n_events": 4423.0, 
      "mean": [
        -4.943755258569997, 
        1.203862538284079, 
        -0.1626205887811469, 
        2.127131098768006
      ]
    }, 
    {
      "max_amplitude": 61.39560317993164, 
      "emittance": 2.6664662738045775, 
      "cov": [
        [
          924.780073934534, 
          156.99506677141724, 
          -105.60889660606341, 
          -488.9818291710323
        ], 
        [
          156.99506677141724, 
          475.0652048572027, 
          589.3758123731491, 
          166.43853753094638
        ], 
        [
          -105.60889660606341, 
          589.3758123731491, 
          1316.8532777065102, 
          556.157198026297
        ], 
        [
          -488.9818291710323, 
          166.43853753094638, 
          556.157198026297, 
          483.55551139576806
        ]
      ], 
      "n_events": 4423.0, 
      "mean": [
        -4.943755258569997, 
        1.203862538284079, 
        -0.1626205887811469, 
        2.127131098768006
      ]
    }, 
    {
      "max_amplitude": 57.870174407958984, 
      "emittance": 2.6664662738045775, 
      "cov": [
        [
          924.780073934534, 
          156.99506677141724, 
          -105.60889660606341, 
          -488.9818291710323
        ], 
        [
          156.99506677141724, 
          475.0652048572027, 
          589.3758123731491, 
          166.43853753094638
        ], 
        [
          -105.60889660606341, 
          589.3758123731491, 
          1316.8532777065102, 
          556.157198026297
        ], 
        [
          -488.9818291710323, 
          166.43853753094638, 
          556.157198026297, 
          483.55551139576806
        ]
      ], 
      "n_events": 4423.0, 
      "mean": [
        -4.943755258569997, 
        1.203862538284079, 
        -0.1626205887811469, 
        2.127131098768006
      ]
    }, 
    {
      "max_amplitude": 54.54780578613281, 
      "emittance": 2.6585919076886264, 
      "cov": [
        [
          925.0499281995338, 
          156.79172833346396, 
          -105.92793234076966, 
          -489.27016351125104
        ], 
        [
          156.79172833346396, 
          474.58348155774735, 
          589.0582696234555, 
          166.33635677662107
        ], 
        [
          -105.92793234076966, 
          589.0582696234555, 
          1316.0406053860474, 
          556.5476848920667
        ], 
        [
          -489.27016351125104, 
          166.33635677662107, 
          556.5476848920667, 
          483.713330950857
        ]
      ], 
      "n_events": 4420.0, 
      "mean": [
        -4.930170644417767, 
        1.2085084524443035, 
        -0.15143675835576814, 
        2.1203577022087288
      ]
    }, 
    {
      "max_amplitude": 48.31214904785156, 
      "emittance": 2.641777543697971, 
      "cov": [
        [
          922.0783642046465, 
          156.29418869104975, 
          -107.83275788901634, 
          -488.01305870010566
        ], 
        [
          156.29418869104975, 
          474.136690500983, 
          588.8868573688411, 
          166.72141494107285
        ], 
        [
          -107.83275788901634, 
          588.8868573688411, 
          1315.3936173074242, 
          557.6125505777248
        ], 
        [
          -488.01305870010566, 
          166.72141494107285, 
          557.6125505777248, 
          482.8673440582069
        ]
      ], 
      "n_events": 4413.0, 
      "mean": [
        -4.942664131067682, 
        1.207202344196412, 
        -0.17978279875412453, 
        2.1233002775485774
      ]
    }, 
    {
      "max_amplitude": 44.704593658447266, 
      "emittance": 2.6313492764936366, 
      "cov": [
        [
          921.7072309819735, 
          156.72719340433417, 
          -107.84950516219615, 
          -488.0283034709444
        ], 
        [
          156.72719340433417, 
          474.1405371693014, 
          588.3021122167985, 
          166.39339537954547
        ], 
        [
          -107.84950516219615, 
          588.3021122167985, 
          1313.2234592049194, 
          557.1897534190728
        ], 
        [
          -488.0283034709444, 
          166.39339537954547, 
          557.1897534190728, 
          482.55891203331726
        ]
      ], 
      "n_events": 4408.0, 
      "mean": [
        -4.968171874328842, 
        1.228973523598934, 
        -0.139833869271066, 
        2.1503372174453577
      ]
    }, 
    {
      "max_amplitude": 39.471805572509766, 
      "emittance": 2.6149579683005726, 
      "cov": [
        [
          920.8294217450645, 
          158.4958291821876, 
          -106.22412980939268, 
          -486.3770297560198
        ], 
        [
          158.4958291821876, 
          473.4874821638563, 
          588.1066014194948, 
          165.4886417256047
        ], 
        [
          -106.22412980939268, 
          588.1066014194948, 
          1313.1560668747086, 
          556.1045565361002
        ], 
        [
          -486.3770297560198, 
          165.4886417256047, 
          556.1045565361002, 
          480.4111879704094
        ]
      ], 
      "n_events": 4399.0, 
      "mean": [
        -4.952254685505348, 
        1.2067605088840645, 
        -0.190001579949385, 
        2.120607865490588
      ]
    }, 
    {
      "max_amplitude": 34.36912536621094, 
      "emittance": 2.591037926566807, 
      "cov": [
        [
          918.7152414381668, 
          159.64667942077992, 
          -106.47646592241048, 
          -485.3882563434947
        ], 
        [
          159.64667942077992, 
          471.0351940014329, 
          585.913157835187, 
          164.68807274925905
        ], 
        [
          -106.47646592241048, 
          585.913157835187, 
          1308.9977383781466, 
          555.424414308101
        ], 
        [
          -485.3882563434947, 
          164.68807274925905, 
          555.424414308101, 
          479.4527611880027
        ]
      ], 
      "n_events": 4383.0, 
      "mean": [
        -5.050333180957664, 
        1.2125855570093451, 
        -0.19486310011591385, 
        2.171984483143368
      ]
    }, 
    {
      "max_amplitude": 29.9819278717041, 
      "emittance": 2.5366617544086374, 
      "cov": [
        [
          914.307908665582, 
          159.36020733315755, 
          -110.71087654284847, 
          -485.65513956649124
        ], 
        [
          159.36020733315755, 
          468.990741386446, 
          588.1934189559348, 
          165.56934808220575
        ], 
        [
          -110.71087654284847, 
          588.1934189559348, 
          1309.0443746278142, 
          557.7373859827563
        ], 
        [
          -485.65513956649124, 
          165.56934808220575, 
          557.7373859827563, 
          479.6479953110808
        ]
      ], 
      "n_events": 4340.0, 
      "mean": [
        -4.9700405758182296, 
        1.2017616627081544, 
        -0.34550365935779076, 
        2.070756920442317
      ]
    }, 
    {
      "max_amplitude": 24.956037521362305, 
      "emittance": 2.443019945370394, 
      "cov": [
        [
          897.2576216837878, 
          162.83050143105686, 
          -117.34400426594102, 
          -478.16874072862896
        ], 
        [
          162.83050143105686, 
          463.28800177892623, 
          585.0895368198763, 
          165.18048519907103
        ], 
        [
          -117.34400426594102, 
          585.0895368198763, 
          1302.142869770016, 
          561.9170581345321
        ], 
        [
          -478.16874072862896, 
          165.18048519907103, 
          561.9170581345321, 
          476.47825434528016
        ]
      ], 
      "n_events": 4247.0, 
      "mean": [
        -4.666191335811538, 
        1.2227044894819128, 
        -0.37981468840202764, 
        1.8565140020723905
      ]
    }, 
    {
      "max_amplitude": 19.99546241760254, 
      "emittance": 2.273092547880898, 
      "cov": [
        [
          863.4660399912533, 
          158.05701484137253, 
          -129.03338300986604, 
          -465.7280273817605
        ], 
        [
          158.05701484137253, 
          448.0695198653079, 
          577.3048653177935, 
          166.69797372054663
        ], 
        [
          -129.03338300986604, 
          577.3048653177935, 
          1286.9977938851985, 
          566.9083739185152
        ], 
        [
          -465.7280273817605, 
          166.69797372054663, 
          566.9083739185152, 
          470.88277655844684
        ]
      ], 
      "n_events": 4025.0, 
      "mean": [
        -4.651695890898339, 
        0.9033504427195131, 
        -0.8304935529202478, 
        1.7201195080218834
      ]
    }, 
    {
      "max_amplitude": 14.996835708618164, 
      "emittance": 1.9426311404261125, 
      "cov": [
        [
          773.3790913981345, 
          150.69839645217692, 
          -149.27334423541996, 
          -426.7235782863092
        ], 
        [
          150.69839645217692, 
          416.04000309757043, 
          557.3189939966626, 
          164.03351125966972
        ], 
        [
          -149.27334423541996, 
          557.3189939966626, 
          1250.7691258693844, 
          568.7747213273905
        ], 
        [
          -426.7235782863092, 
          164.03351125966972, 
          568.7747213273905, 
          448.7120200149909
        ]
      ], 
      "n_events": 3454.0, 
      "mean": [
        -4.580251325291275, 
        0.5941473702764002, 
        -1.3374126205951555, 
        1.5125589116824876
      ]
    }, 
    {
      "max_amplitude": 9.995963096618652, 
      "emittance": 1.4486786885909142, 
      "cov": [
        [
          602.1618810641281, 
          119.37864645770179, 
          -145.59873019908582, 
          -346.90440643511016
        ], 
        [
          119.37864645770179, 
          369.0630518944502, 
          541.5233166486764, 
          170.63599411633868
        ], 
        [
          -145.59873019908582, 
          541.5233166486764, 
          1215.6852635378768, 
          559.8659720393897
        ], 
        [
          -346.90440643511016, 
          170.63599411633868, 
          559.8659720393897, 
          404.11146500539184
        ]
      ], 
      "n_events": 2375.0, 
      "mean": [
        -4.556776155988279, 
        0.010114720296386437, 
        -2.0950419848296353, 
        1.1693005822369609
      ]
    }, 
    {
      "max_amplitude": 5.0, 
      "emittance": 0.7743055840580005, 
      "cov": [
        [
          349.3898711391664, 
          40.82882199587869, 
          -157.7086452708379, 
          -229.13342526775537
        ], 
        [
          40.82882199587869, 
          239.52363025443023, 
          388.83245724830016, 
          145.16710933951583
        ], 
        [
          -157.7086452708379, 
          388.83245724830016, 
          896.3083259550075, 
          446.5793036666352
        ], 
        [
          -229.13342526775537, 
          145.16710933951583, 
          446.5793036666352, 
          297.7805607983489
        ]
      ], 
      "n_events": 827.0, 
      "mean": [
        -5.11177925201683, 
        -0.5669990039876522, 
        -2.8754519502759868, 
        1.1572069273906742
      ]
    }, 
    {
      "max_amplitude": 0.0, 
      "emittance": 0.7743055840580005, 
      "cov": [
        [
          407.6962471048891, 
          -32.675822875990626, 
          -406.2766341485387, 
          -356.38403451129534
        ], 
        [
          -32.675822875990626, 
          447.4806678447545, 
          874.6339412106195, 
          387.89841048738515
        ], 
        [
          -406.2766341485387, 
          874.6339412106195, 
          2111.9541838290406, 
          1077.2250174231845
        ], 
        [
          -356.38403451129534, 
          387.89841048738515, 
          1077.2250174231845, 
          620.9450825867676
        ]
      ], 
      "n_events": 100.0, 
      "mean": [
        -2.7176870150052075, 
        -6.921065273251417, 
        -16.80525043446851, 
        -5.629376157988474
      ]
    }
  ]
]
