[
  [
    {
      "max_amplitude": 100.0, 
      "emittance": 3.173447672599613, 
      "cov": [
        [
          4441.617916507921, 
          -351.686850733217, 
          744.36283977158, 
          -1642.6560031638912
        ], 
        [
          -351.686850733217, 
          449.8618078718854, 
          1187.4542217128776, 
          -31.25229170308637
        ], 
        [
          744.36283977158, 
          1187.4542217128776, 
          4041.179973738704, 
          -740.8550727098635
        ], 
        [
          -1642.6560031638912, 
          -31.25229170308637, 
          -740.8550727098635, 
          698.3336038900871
        ]
      ], 
      "n_events": 4420.0, 
      "mean": [
        -1.4533198511371215, 
        0.6244569434999225, 
        2.32106673270211, 
        -1.9730754782030504
      ]
    }, 
    {
      "max_amplitude": 100.0, 
      "emittance": 3.135746042119652, 
      "cov": [
        [
          4441.723227968944, 
          -350.438196701152, 
          747.8198989884681, 
          -1641.9479431991113
        ], 
        [
          -350.438196701152, 
          449.1373205464153, 
          1186.312473789509, 
          -32.35521026678139
        ], 
        [
          747.8198989884681, 
          1186.312473789509, 
          4037.55168542664, 
          -742.9295686981375
        ], 
        [
          -1641.9479431991113, 
          -32.35521026678139, 
          -742.9295686981375, 
          697.4706462017655
        ]
      ], 
      "n_events": 4416.0, 
      "mean": [
        -1.4241942921322488, 
        0.6034856287280094, 
        2.3167656171342723, 
        -2.0023180433049834
      ]
    }, 
    {
      "max_amplitude": 91.86701965332031, 
      "emittance": 3.135746042119652, 
      "cov": [
        [
          4441.723227968944, 
          -350.438196701152, 
          747.8198989884681, 
          -1641.9479431991113
        ], 
        [
          -350.438196701152, 
          449.1373205464153, 
          1186.312473789509, 
          -32.35521026678139
        ], 
        [
          747.8198989884681, 
          1186.312473789509, 
          4037.55168542664, 
          -742.9295686981375
        ], 
        [
          -1641.9479431991113, 
          -32.35521026678139, 
          -742.9295686981375, 
          697.4706462017655
        ]
      ], 
      "n_events": 4416.0, 
      "mean": [
        -1.4241942921322488, 
        0.6034856287280094, 
        2.3167656171342723, 
        -2.0023180433049834
      ]
    }, 
    {
      "max_amplitude": 88.1159439086914, 
      "emittance": 3.135746042119652, 
      "cov": [
        [
          4441.723227968944, 
          -350.438196701152, 
          747.8198989884681, 
          -1641.9479431991113
        ], 
        [
          -350.438196701152, 
          449.1373205464153, 
          1186.312473789509, 
          -32.35521026678139
        ], 
        [
          747.8198989884681, 
          1186.312473789509, 
          4037.55168542664, 
          -742.9295686981375
        ], 
        [
          -1641.9479431991113, 
          -32.35521026678139, 
          -742.9295686981375, 
          697.4706462017655
        ]
      ], 
      "n_events": 4416.0, 
      "mean": [
        -1.4241942921322488, 
        0.6034856287280094, 
        2.3167656171342723, 
        -2.0023180433049834
      ]
    }, 
    {
      "max_amplitude": 80.45818328857422, 
      "emittance": 3.131566468296028, 
      "cov": [
        [
          4442.717165338861, 
          -350.5607573783003, 
          747.9069719894995, 
          -1642.336594242197
        ], 
        [
          -350.5607573783003, 
          449.0851089988247, 
          1186.2877769616612, 
          -32.422241147929284
        ], 
        [
          747.9069719894995, 
          1186.2877769616612, 
          4037.9070066117524, 
          -743.2116294770109
        ], 
        [
          -1642.336594242197, 
          -32.422241147929284, 
          -743.2116294770109, 
          697.605469325553
        ]
      ], 
      "n_events": 4415.0, 
      "mean": [
        -1.422538197421475, 
        0.6093892199816958, 
        2.328017342944147, 
        -2.000028592013654
      ]
    }, 
    {
      "max_amplitude": 75.92577362060547, 
      "emittance": 3.131566468296028, 
      "cov": [
        [
          4442.717165338861, 
          -350.5607573783003, 
          747.9069719894995, 
          -1642.336594242197
        ], 
        [
          -350.5607573783003, 
          449.0851089988247, 
          1186.2877769616612, 
          -32.422241147929284
        ], 
        [
          747.9069719894995, 
          1186.2877769616612, 
          4037.9070066117524, 
          -743.2116294770109
        ], 
        [
          -1642.336594242197, 
          -32.422241147929284, 
          -743.2116294770109, 
          697.605469325553
        ]
      ], 
      "n_events": 4415.0, 
      "mean": [
        -1.422538197421475, 
        0.6093892199816958, 
        2.328017342944147, 
        -2.000028592013654
      ]
    }, 
    {
      "max_amplitude": 73.52642059326172, 
      "emittance": 3.1242874813402843, 
      "cov": [
        [
          4442.147573325545, 
          -351.0874334008286, 
          746.9916440358735, 
          -1642.028909312496
        ], 
        [
          -351.0874334008286, 
          449.23144316952477, 
          1186.7250815908205, 
          -32.269646563107756
        ], 
        [
          746.9916440358735, 
          1186.7250815908205, 
          4037.857908451944, 
          -743.321508281825
        ], 
        [
          -1642.028909312496, 
          -32.269646563107756, 
          -743.321508281825, 
          697.429724841353
        ]
      ], 
      "n_events": 4413.0, 
      "mean": [
        -1.410397111243806, 
        0.6124998124181154, 
        2.3114916372216308, 
        -2.009985256229982
      ]
    }, 
    {
      "max_amplitude": 68.02741241455078, 
      "emittance": 3.113826527251034, 
      "cov": [
        [
          4440.258477517585, 
          -350.32025123395397, 
          747.5629278140561, 
          -1640.8015336836233
        ], 
        [
          -350.32025123395397, 
          448.69520891417903, 
          1186.0503693517996, 
          -32.763951767092266
        ], 
        [
          747.5629278140561, 
          1186.0503693517996, 
          4037.1127337072917, 
          -743.7674104281597
        ], 
        [
          -1640.8015336836233, 
          -32.763951767092266, 
          -743.7674104281597, 
          696.7317121788195
        ]
      ], 
      "n_events": 4410.0, 
      "mean": [
        -1.4320797106783933, 
        0.6089210719724728, 
        2.3000622637010744, 
        -2.00460200041952
      ]
    }, 
    {
      "max_amplitude": 61.07514572143555, 
      "emittance": 3.113826527251034, 
      "cov": [
        [
          4440.258477517585, 
          -350.32025123395397, 
          747.5629278140561, 
          -1640.8015336836233
        ], 
        [
          -350.32025123395397, 
          448.69520891417903, 
          1186.0503693517996, 
          -32.763951767092266
        ], 
        [
          747.5629278140561, 
          1186.0503693517996, 
          4037.1127337072917, 
          -743.7674104281597
        ], 
        [
          -1640.8015336836233, 
          -32.763951767092266, 
          -743.7674104281597, 
          696.7317121788195
        ]
      ], 
      "n_events": 4410.0, 
      "mean": [
        -1.4320797106783933, 
        0.6089210719724728, 
        2.3000622637010744, 
        -2.00460200041952
      ]
    }, 
    {
      "max_amplitude": 59.871185302734375, 
      "emittance": 3.1082255452807313, 
      "cov": [
        [
          4439.203401459362, 
          -349.4657949008186, 
          748.552433932442, 
          -1640.4083263087575
        ], 
        [
          -349.4657949008186, 
          448.38208129041897, 
          1185.5164102472963, 
          -33.1926594868679
        ], 
        [
          748.552433932442, 
          1185.5164102472963, 
          4034.7708802025827, 
          -744.5259902476456
        ], 
        [
          -1640.4083263087575, 
          -33.1926594868679, 
          -744.5259902476456, 
          696.6181605341059
        ]
      ], 
      "n_events": 4408.0, 
      "mean": [
        -1.4630978203670195, 
        0.6141113445332393, 
        2.282864511244354, 
        -1.9941672859458752
      ]
    }, 
    {
      "max_amplitude": 53.079856872558594, 
      "emittance": 3.092942888159497, 
      "cov": [
        [
          4435.858224300957, 
          -348.44081963535433, 
          748.6982498558306, 
          -1639.7049433149427
        ], 
        [
          -348.44081963535433, 
          447.9944251300425, 
          1185.3887923648797, 
          -33.56157060015264
        ], 
        [
          748.6982498558306, 
          1185.3887923648797, 
          4033.557429119391, 
          -745.0481561780508
        ], 
        [
          -1639.7049433149427, 
          -33.56157060015264, 
          -745.0481561780508, 
          696.3610167346704
        ]
      ], 
      "n_events": 4402.0, 
      "mean": [
        -1.56131806265261, 
        0.6330475589074065, 
        2.257255708365998, 
        -1.966224678979069
      ]
    }, 
    {
      "max_amplitude": 49.4633903503418, 
      "emittance": 3.070543745160514, 
      "cov": [
        [
          4435.841279117924, 
          -349.7474981039987, 
          746.1999956154918, 
          -1640.214425505831
        ], 
        [
          -349.7474981039987, 
          447.8674934525491, 
          1184.7808279139756, 
          -33.22186003407411
        ], 
        [
          746.1999956154918, 
          1184.7808279139756, 
          4028.7338728569184, 
          -744.697420741316
        ], 
        [
          -1640.214425505831, 
          -33.22186003407411, 
          -744.697420741316, 
          696.6163415268762
        ]
      ], 
      "n_events": 4392.0, 
      "mean": [
        -1.5107741717398362, 
        0.6060566175067111, 
        2.1926636433506568, 
        -1.9768753846071208
      ]
    }, 
    {
      "max_amplitude": 44.953086853027344, 
      "emittance": 3.054732598934768, 
      "cov": [
        [
          4434.215749554565, 
          -350.34315052560817, 
          745.3199010092413, 
          -1639.8519127406455
        ], 
        [
          -350.34315052560817, 
          447.89321001572915, 
          1185.0464537897456, 
          -33.17520265739764
        ], 
        [
          745.3199010092413, 
          1185.0464537897456, 
          4029.5492216172793, 
          -745.3600642330516
        ], 
        [
          -1639.8519127406455, 
          -33.17520265739764, 
          -745.3600642330516, 
          696.3650779331609
        ]
      ], 
      "n_events": 4384.0, 
      "mean": [
        -1.54189075004362, 
        0.6064867192564729, 
        2.146455068070552, 
        -1.9802199093478805
      ]
    }, 
    {
      "max_amplitude": 39.8363037109375, 
      "emittance": 3.0183563134899236, 
      "cov": [
        [
          4422.531192922138, 
          -349.0124770992164, 
          742.5796051974422, 
          -1634.328071181453
        ], 
        [
          -349.0124770992164, 
          447.6842888443301, 
          1186.1993418706318, 
          -34.320391674685084
        ], 
        [
          742.5796051974422, 
          1186.1993418706318, 
          4030.3548385313816, 
          -745.6831196061496
        ], 
        [
          -1634.328071181453, 
          -34.320391674685084, 
          -745.6831196061496, 
          693.7417497832746
        ]
      ], 
      "n_events": 4363.0, 
      "mean": [
        -1.705334844636024, 
        0.6402682563571077, 
        2.1550364441453085, 
        -1.9103924828167467
      ]
    }, 
    {
      "max_amplitude": 34.935760498046875, 
      "emittance": 2.9639125842715246, 
      "cov": [
        [
          4402.694322886436, 
          -342.82942989680845, 
          750.082877147945, 
          -1629.7981160971312
        ], 
        [
          -342.82942989680845, 
          444.35996395941805, 
          1180.9401439693418, 
          -35.69538588701253
        ], 
        [
          750.082877147945, 
          1180.9401439693418, 
          4016.277805023019, 
          -747.455576794361
        ], 
        [
          -1629.7981160971312, 
          -35.69538588701253, 
          -747.455576794361, 
          692.1891648592069
        ]
      ], 
      "n_events": 4325.0, 
      "mean": [
        -1.9513208902470403, 
        0.6863974747147279, 
        2.1197354156157617, 
        -1.8266531750993822
      ]
    }, 
    {
      "max_amplitude": 29.942995071411133, 
      "emittance": 2.8742636589343977, 
      "cov": [
        [
          4375.211747369638, 
          -340.5912313090733, 
          741.7629262374737, 
          -1616.2949359416994
        ], 
        [
          -340.5912313090733, 
          442.7639284183267, 
          1179.7596647938356, 
          -36.6225085123134
        ], 
        [
          741.7629262374737, 
          1179.7596647938356, 
          4004.1559508937385, 
          -743.7344002741165
        ], 
        [
          -1616.2949359416994, 
          -36.6225085123134, 
          -743.7344002741165, 
          684.797083628237
        ]
      ], 
      "n_events": 4250.0, 
      "mean": [
        -2.2861173277339217, 
        0.6805680951785521, 
        1.916335054450918, 
        -1.6668382064132932
      ]
    }, 
    {
      "max_amplitude": 24.969749450683594, 
      "emittance": 2.7203404247205043, 
      "cov": [
        [
          4312.988633528738, 
          -320.088714212312, 
          770.7832942470964, 
          -1600.1132836096272
        ], 
        [
          -320.088714212312, 
          432.2206393875324, 
          1160.5641734196804, 
          -40.80827331648826
        ], 
        [
          770.7832942470964, 
          1160.5641734196804, 
          3953.7320704548515, 
          -749.3248842893339
        ], 
        [
          -1600.1132836096272, 
          -40.80827331648826, 
          -749.3248842893339, 
          677.6846317810542
        ]
      ], 
      "n_events": 4090.0, 
      "mean": [
        -2.736439441274938, 
        0.7306057707331498, 
        1.9168665481161162, 
        -1.5010699217357661
      ]
    }, 
    {
      "max_amplitude": 19.957021713256836, 
      "emittance": 2.437768020656048, 
      "cov": [
        [
          4114.661135621366, 
          -277.804732486756, 
          807.7608355512465, 
          -1533.844755720237
        ], 
        [
          -277.804732486756, 
          415.07906277603746, 
          1130.5035190214528, 
          -53.695222270621606
        ], 
        [
          807.7608355512465, 
          1130.5035190214528, 
          3860.7216506337563, 
          -759.797851104081
        ], 
        [
          -1533.844755720237, 
          -53.695222270621606, 
          -759.797851104081, 
          652.0100626344148
        ]
      ], 
      "n_events": 3715.0, 
      "mean": [
        -2.7785380245610183, 
        0.7979168504181932, 
        2.1208695735180374, 
        -1.4546946727004022
      ]
    }, 
    {
      "max_amplitude": 14.998714447021484, 
      "emittance": 2.001353855546282, 
      "cov": [
        [
          3914.5651412570555, 
          -220.753380617465, 
          908.6716685460896, 
          -1472.8231527482992
        ], 
        [
          -220.753380617465, 
          367.89430263713047, 
          1023.5644774500134, 
          -59.07918915729787
        ], 
        [
          908.6716685460896, 
          1023.5644774500134, 
          3577.1583586931783, 
          -761.3186822677408
        ], 
        [
          -1472.8231527482992, 
          -59.07918915729787, 
          -761.3186822677408, 
          624.2650626161634
        ]
      ], 
      "n_events": 2997.0, 
      "mean": [
        -4.511382330800591, 
        0.5456885845933581, 
        0.8785669300828922, 
        -0.5677634825538707
      ]
    }, 
    {
      "max_amplitude": 9.99907398223877, 
      "emittance": 1.4445978319448025, 
      "cov": [
        [
          3448.578032607293, 
          -96.91928645179408, 
          1093.8624498379716, 
          -1338.5553731394505
        ], 
        [
          -96.91928645179408, 
          278.8441908021011, 
          803.1330114704549, 
          -70.52447034703565
        ], 
        [
          1093.8624498379716, 
          803.1330114704549, 
          2943.4474780362157, 
          -745.0929826244057
        ], 
        [
          -1338.5553731394505, 
          -70.52447034703565, 
          -745.0929826244057, 
          569.6714502626359
        ]
      ], 
      "n_events": 1945.0, 
      "mean": [
        -4.163503907795588, 
        0.23723241366539816, 
        -0.22126866436862133, 
        -0.6029627756683658
      ]
    }, 
    {
      "max_amplitude": 5.0, 
      "emittance": 0.7718933085538658, 
      "cov": [
        [
          2175.8563701551902, 
          18.920634482848005, 
          941.723707838177, 
          -871.7837659398715
        ], 
        [
          18.920634482848005, 
          171.3064911398638, 
          518.3693475747217, 
          -75.99252596467856
        ], 
        [
          941.723707838177, 
          518.3693475747217, 
          1963.3190274532883, 
          -578.6700230424208
        ], 
        [
          -871.7837659398715, 
          -75.99252596467856, 
          -578.6700230424208, 
          380.2360441158109
        ]
      ], 
      "n_events": 684.0, 
      "mean": [
        -4.5608701231390825, 
        -0.4721952223451004, 
        -3.032821642678984, 
        -0.2198946009326063
      ]
    }, 
    {
      "max_amplitude": 0.0, 
      "emittance": 0.7718933085538658, 
      "cov": [
        [
          4737.676225551059, 
          220.82542930549937, 
          2595.2678785550847, 
          -1972.1160287278537
        ], 
        [
          220.82542930549937, 
          239.6485848598339, 
          803.1048804482183, 
          -178.94792766078436
        ], 
        [
          2595.2678785550847, 
          803.1048804482183, 
          3480.147474264143, 
          -1338.0828925319668
        ], 
        [
          -1972.1160287278537, 
          -178.94792766078436, 
          -1338.0828925319668, 
          856.712819074231
        ]
      ], 
      "n_events": 100.0, 
      "mean": [
        -19.774189255657348, 
        -5.278963785533644, 
        -24.28056325153257, 
        7.490585722927497
      ]
    }
  ], 
  [
    {
      "max_amplitude": 118.43734741210938, 
      "emittance": 3.164731645483148, 
      "cov": [
        [
          4448.529713239295, 
          -339.5239222444727, 
          802.406629917029, 
          -1643.6819040685818
        ], 
        [
          -339.5239222444727, 
          443.3788042119364, 
          1177.7328173217995, 
          -36.74680089395993
        ], 
        [
          802.406629917029, 
          1177.7328173217995, 
          4058.018498269657, 
          -766.2155490415371
        ], 
        [
          -1643.6819040685818, 
          -36.74680089395993, 
          -766.2155490415371, 
          699.4149056230627
        ]
      ], 
      "n_events": 4313.0, 
      "mean": [
        -2.0646684562189894, 
        -0.04504385240146639, 
        -0.016608003651424643, 
        -1.5349710618204857
      ]
    }, 
    {
      "max_amplitude": 100.0, 
      "emittance": 3.1531751505494765, 
      "cov": [
        [
          4447.942337988116, 
          -339.5920659032343, 
          804.094020153483, 
          -1643.4090877547958
        ], 
        [
          -339.5920659032343, 
          443.236475478324, 
          1177.172856195568, 
          -36.9404152309495
        ], 
        [
          804.094020153483, 
          1177.172856195568, 
          4055.9796819668754, 
          -767.5206871173618
        ], 
        [
          -1643.4090877547958, 
          -36.9404152309495, 
          -767.5206871173618, 
          699.2768722231144
        ]
      ], 
      "n_events": 4311.0, 
      "mean": [
        -2.0333924146569182, 
        -0.04038407663067377, 
        -0.01453365994741803, 
        -1.5448393525636324
      ]
    }, 
    {
      "max_amplitude": 95.0, 
      "emittance": 3.1531751505494765, 
      "cov": [
        [
          4447.942337988116, 
          -339.5920659032343, 
          804.094020153483, 
          -1643.4090877547958
        ], 
        [
          -339.5920659032343, 
          443.236475478324, 
          1177.172856195568, 
          -36.9404152309495
        ], 
        [
          804.094020153483, 
          1177.172856195568, 
          4055.9796819668754, 
          -767.5206871173618
        ], 
        [
          -1643.4090877547958, 
          -36.9404152309495, 
          -767.5206871173618, 
          699.2768722231144
        ]
      ], 
      "n_events": 4311.0, 
      "mean": [
        -2.0333924146569182, 
        -0.04038407663067377, 
        -0.01453365994741803, 
        -1.5448393525636324
      ]
    }, 
    {
      "max_amplitude": 85.6307144165039, 
      "emittance": 3.148529910935894, 
      "cov": [
        [
          4448.1220235192795, 
          -338.9716525740221, 
          804.9639925951467, 
          -1643.7978925098216
        ], 
        [
          -338.9716525740221, 
          442.7657178453073, 
          1176.8853448283176, 
          -36.94283082517428
        ], 
        [
          804.9639925951467, 
          1176.8853448283176, 
          4056.372773813104, 
          -767.6927499606551
        ], 
        [
          -1643.7978925098216, 
          -36.94283082517428, 
          -767.6927499606551, 
          699.4390512563622
        ]
      ], 
      "n_events": 4310.0, 
      "mean": [
        -2.0193332848784165, 
        -0.05191765400449576, 
        -0.025806655621874754, 
        -1.5447156688053068
      ]
    }, 
    {
      "max_amplitude": 85.0, 
      "emittance": 3.1441908060108985, 
      "cov": [
        [
          4449.147846454723, 
          -339.05479430078896, 
          805.2122281235835, 
          -1644.1923934022484
        ], 
        [
          -339.05479430078896, 
          442.86537211274026, 
          1177.201004374992, 
          -36.96042093760526
        ], 
        [
          805.2122281235835, 
          1177.201004374992, 
          4056.730365793708, 
          -767.747164417151
        ], 
        [
          -1644.1923934022484, 
          -36.96042093760526, 
          -767.747164417151, 
          699.575140806428
        ]
      ], 
      "n_events": 4309.0, 
      "mean": [
        -2.0205578285482004, 
        -0.052765572087858335, 
        -0.01416980091457292, 
        -1.5471824555542828
      ]
    }, 
    {
      "max_amplitude": 77.43096923828125, 
      "emittance": 3.1441908060108985, 
      "cov": [
        [
          4449.147846454723, 
          -339.05479430078896, 
          805.2122281235835, 
          -1644.1923934022484
        ], 
        [
          -339.05479430078896, 
          442.86537211274026, 
          1177.201004374992, 
          -36.96042093760526
        ], 
        [
          805.2122281235835, 
          1177.201004374992, 
          4056.730365793708, 
          -767.747164417151
        ], 
        [
          -1644.1923934022484, 
          -36.96042093760526, 
          -767.747164417151, 
          699.575140806428
        ]
      ], 
      "n_events": 4309.0, 
      "mean": [
        -2.0205578285482004, 
        -0.052765572087858335, 
        -0.01416980091457292, 
        -1.5471824555542828
      ]
    }, 
    {
      "max_amplitude": 73.10076904296875, 
      "emittance": 3.1366137664826503, 
      "cov": [
        [
          4448.989056137629, 
          -338.57296961915335, 
          808.3582057959585, 
          -1644.6340422078226
        ], 
        [
          -338.57296961915335, 
          442.88532580379183, 
          1176.9210680030637, 
          -37.07686389567644
        ], 
        [
          808.3582057959585, 
          1176.9210680030637, 
          4054.710474788305, 
          -768.6064295304249
        ], 
        [
          -1644.6340422078226, 
          -37.07686389567644, 
          -768.6064295304249, 
          699.8304212323665
        ]
      ], 
      "n_events": 4307.0, 
      "mean": [
        -2.0266415953936168, 
        -0.05196573733592011, 
        -0.020774379205272687, 
        -1.549511373385613
      ]
    }, 
    {
      "max_amplitude": 70.0, 
      "emittance": 3.133050481632796, 
      "cov": [
        [
          4449.138571254997, 
          -338.07316543187085, 
          809.5274049405065, 
          -1644.597490726558
        ], 
        [
          -338.07316543187085, 
          442.60955805599235, 
          1176.5519541013089, 
          -37.35940388664867
        ], 
        [
          809.5274049405065, 
          1176.5519541013089, 
          4054.562047633724, 
          -769.2497233864259
        ], 
        [
          -1644.597490726558, 
          -37.35940388664867, 
          -769.2497233864259, 
          699.7947595417795
        ]
      ], 
      "n_events": 4306.0, 
      "mean": [
        -2.040963996567324, 
        -0.04259088867485259, 
        -0.004867347701238048, 
        -1.542728818124827
      ]
    }, 
    {
      "max_amplitude": 62.30885314941406, 
      "emittance": 3.120324145582766, 
      "cov": [
        [
          4447.1046783889815, 
          -338.47211883309996, 
          806.3406499438954, 
          -1643.481659701615
        ], 
        [
          -338.47211883309996, 
          442.7136381610461, 
          1177.0863214263995, 
          -37.45728501101067
        ], 
        [
          806.3406499438954, 
          1177.0863214263995, 
          4054.413958548704, 
          -768.3975249347048
        ], 
        [
          -1643.481659701615, 
          -37.45728501101067, 
          -768.3975249347048, 
          699.1460109950269
        ]
      ], 
      "n_events": 4302.0, 
      "mean": [
        -2.030796206625261, 
        -0.05053374040351764, 
        -0.017461823822788783, 
        -1.540144622615801
      ]
    }, 
    {
      "max_amplitude": 58.475624084472656, 
      "emittance": 3.1091291797999374, 
      "cov": [
        [
          4446.979082415007, 
          -338.9137951425338, 
          805.031583871551, 
          -1643.978410103463
        ], 
        [
          -338.9137951425338, 
          442.5076980107764, 
          1176.4243913274072, 
          -37.31292885294387
        ], 
        [
          805.031583871551, 
          1176.4243913274072, 
          4050.5696551293368, 
          -768.6268281964699
        ], 
        [
          -1643.978410103463, 
          -37.31292885294387, 
          -768.6268281964699, 
          699.4162904772344
        ]
      ], 
      "n_events": 4298.0, 
      "mean": [
        -2.078177837497906, 
        -0.057810828909008724, 
        -0.08004757210461666, 
        -1.5327278809521792
      ]
    }, 
    {
      "max_amplitude": 53.71908950805664, 
      "emittance": 3.1037248016706953, 
      "cov": [
        [
          4443.119283365851, 
          -338.72063366913727, 
          804.4794419741485, 
          -1642.5466885912672
        ], 
        [
          -338.72063366913727, 
          442.64308951336875, 
          1177.1268205097251, 
          -37.47696327263478
        ], 
        [
          804.4794419741485, 
          1177.1268205097251, 
          4052.110342886105, 
          -768.607894917407
        ], 
        [
          -1642.5466885912672, 
          -37.47696327263478, 
          -768.607894917407, 
          698.9223401246749
        ]
      ], 
      "n_events": 4296.0, 
      "mean": [
        -2.0266364533891146, 
        -0.06178832743054447, 
        -0.0701330832101715, 
        -1.5521335561205511
      ]
    }, 
    {
      "max_amplitude": 49.96256637573242, 
      "emittance": 3.083008485600601, 
      "cov": [
        [
          4443.896861231217, 
          -338.55496565764753, 
          803.4489447595341, 
          -1642.966032854602
        ], 
        [
          -338.55496565764753, 
          442.3240824718557, 
          1177.009548531733, 
          -37.89291499393846
        ], 
        [
          803.4489447595341, 
          1177.009548531733, 
          4051.10492807761, 
          -769.6674810870715
        ], 
        [
          -1642.966032854602, 
          -37.89291499393846, 
          -769.6674810870715, 
          698.9463292731989
        ]
      ], 
      "n_events": 4287.0, 
      "mean": [
        -2.0762757370912137, 
        -0.07221273728214342, 
        -0.15370139019984824, 
        -1.525437852552057
      ]
    }, 
    {
      "max_amplitude": 44.928489685058594, 
      "emittance": 3.0563795392040514, 
      "cov": [
        [
          4437.312313133576, 
          -338.12680688668047, 
          801.5323323213163, 
          -1639.7025582623955
        ], 
        [
          -338.12680688668047, 
          442.3009096051519, 
          1176.6249671493972, 
          -38.607136493301866
        ], 
        [
          801.5323323213163, 
          1176.6249671493972, 
          4045.0485083644353, 
          -770.5924718912855
        ], 
        [
          -1639.7025582623955, 
          -38.607136493301866, 
          -770.5924718912855, 
          697.1771579824873
        ]
      ], 
      "n_events": 4274.0, 
      "mean": [
        -2.1586961200841124, 
        -0.06393661268281262, 
        -0.20590721290346908, 
        -1.4996959995159589
      ]
    }, 
    {
      "max_amplitude": 39.78889465332031, 
      "emittance": 3.0190112445310064, 
      "cov": [
        [
          4424.622327799551, 
          -336.28394084637665, 
          800.8697096026759, 
          -1636.1899507017504
        ], 
        [
          -336.28394084637665, 
          442.0477948418015, 
          1176.6277034004147, 
          -39.5678073468418
        ], 
        [
          800.8697096026759, 
          1176.6277034004147, 
          4037.8869253780217, 
          -771.3507608172436
        ], 
        [
          -1636.1899507017504, 
          -39.5678073468418, 
          -771.3507608172436, 
          696.2273339203326
        ]
      ], 
      "n_events": 4253.0, 
      "mean": [
        -2.108156307373092, 
        -0.09259485966278799, 
        -0.32622399728847157, 
        -1.5036399609959048
      ]
    }, 
    {
      "max_amplitude": 34.914337158203125, 
      "emittance": 2.967026586203545, 
      "cov": [
        [
          4420.383188742331, 
          -339.123542472417, 
          792.1411219545984, 
          -1634.4329357150273
        ], 
        [
          -339.123542472417, 
          440.8525007432773, 
          1173.0767066647566, 
          -38.9967328652352
        ], 
        [
          792.1411219545984, 
          1173.0767066647566, 
          4023.191488396574, 
          -770.573500700219
        ], 
        [
          -1634.4329357150273, 
          -38.9967328652352, 
          -770.573500700219, 
          694.9873551738846
        ]
      ], 
      "n_events": 4218.0, 
      "mean": [
        -2.2094360952153953, 
        -0.13804393086625494, 
        -0.5420744834927044, 
        -1.4326544138859827
      ]
    }, 
    {
      "max_amplitude": 29.837064743041992, 
      "emittance": 2.8690892073751235, 
      "cov": [
        [
          4387.443762877174, 
          -334.75216202858144, 
          793.2476862200123, 
          -1623.43324798498
        ], 
        [
          -334.75216202858144, 
          439.0609827238145, 
          1171.3663933278453, 
          -41.19850615599805
        ], 
        [
          793.2476862200123, 
          1171.3663933278453, 
          4012.8438926422164, 
          -774.198974361233
        ], 
        [
          -1623.43324798498, 
          -41.19850615599805, 
          -774.198974361233, 
          690.5191361260202
        ]
      ], 
      "n_events": 4139.0, 
      "mean": [
        -2.5162844125325705, 
        -0.1341718311217315, 
        -0.5919965509833726, 
        -1.3030211323727554
      ]
    }, 
    {
      "max_amplitude": 24.995101928710938, 
      "emittance": 2.6984561736543347, 
      "cov": [
        [
          4333.898229870539, 
          -323.2420086005145, 
          810.7463603948905, 
          -1603.8905783898065
        ], 
        [
          -323.2420086005145, 
          430.8174032591476, 
          1155.185967391445, 
          -43.17743811603989
        ], 
        [
          810.7463603948905, 
          1155.185967391445, 
          3964.2788338051582, 
          -776.4962049562396
        ], 
        [
          -1603.8905783898065, 
          -43.17743811603989, 
          -776.4962049562396, 
          680.2577004273047
        ]
      ], 
      "n_events": 3966.0, 
      "mean": [
        -2.898608078861574, 
        -0.1923337597837254, 
        -0.8931341750924594, 
        -1.0677430425431775
      ]
    }, 
    {
      "max_amplitude": 19.994850158691406, 
      "emittance": 2.433524654833671, 
      "cov": [
        [
          4165.306976979492, 
          -291.31110347914836, 
          838.5971920479324, 
          -1546.5622741844647
        ], 
        [
          -291.31110347914836, 
          414.4858776688093, 
          1120.6613864627689, 
          -50.212357663548474
        ], 
        [
          838.5971920479324, 
          1120.6613864627689, 
          3851.6734103176154, 
          -774.6937568171687
        ], 
        [
          -1546.5622741844647, 
          -50.212357663548474, 
          -774.6937568171687, 
          655.8966970628973
        ]
      ], 
      "n_events": 3626.0, 
      "mean": [
        -3.408500201305999, 
        -0.24370297369574778, 
        -1.2611554721839282, 
        -0.741940978327817
      ]
    }, 
    {
      "max_amplitude": 14.981386184692383, 
      "emittance": 2.0306488023977773, 
      "cov": [
        [
          3897.428548984431, 
          -236.9086087320779, 
          883.3153126230641, 
          -1454.4372506414934
        ], 
        [
          -236.9086087320779, 
          369.5324384311746, 
          1015.6519305271786, 
          -54.77636421908108
        ], 
        [
          883.3153126230641, 
          1015.6519305271786, 
          3542.607180752891, 
          -751.6475096409888
        ], 
        [
          -1454.4372506414934, 
          -54.77636421908108, 
          -751.6475096409888, 
          613.6774559550632
        ]
      ], 
      "n_events": 2971.0, 
      "mean": [
        -4.620182653432248, 
        -0.45652158078927235, 
        -2.4738786775645782, 
        -0.1164022758645531
      ]
    }, 
    {
      "max_amplitude": 9.99583625793457, 
      "emittance": 1.4767644166455844, 
      "cov": [
        [
          3359.62744983646, 
          -130.77230348455174, 
          966.4372249117796, 
          -1285.1609136609673
        ], 
        [
          -130.77230348455174, 
          290.6367393949135, 
          819.6859956474927, 
          -63.747267624367225
        ], 
        [
          966.4372249117796, 
          819.6859956474927, 
          2932.6598195226875, 
          -704.11469868268
        ], 
        [
          -1285.1609136609673, 
          -63.747267624367225, 
          -704.11469868268, 
          545.2307978799902
        ]
      ], 
      "n_events": 1913.0, 
      "mean": [
        -4.921127773038389, 
        -1.1981340715097595, 
        -5.064328001199022, 
        0.3394353013051602
      ]
    }, 
    {
      "max_amplitude": 5.0, 
      "emittance": 0.7662804505265649, 
      "cov": [
        [
          2027.2505589617442, 
          -6.5284952805357985, 
          811.2169192945021, 
          -805.0514498619565
        ], 
        [
          -6.5284952805357985, 
          159.13081606951752, 
          478.8466961034782, 
          -63.17180433087593
        ], 
        [
          811.2169192945021, 
          478.8466961034782, 
          1817.7346130652738, 
          -517.7196428115767
        ], 
        [
          -805.0514498619565, 
          -63.17180433087593, 
          -517.7196428115767, 
          350.879325819847
        ]
      ], 
      "n_events": 635.0, 
      "mean": [
        -6.073551813310978, 
        -2.7507294505650064, 
        -10.211899094457651, 
        1.283516773915657
      ]
    }, 
    {
      "max_amplitude": 0.0, 
      "emittance": 0.7662804505265649, 
      "cov": [
        [
          4458.891166349942, 
          157.45775649575106, 
          2278.851624196308, 
          -1841.369831114481
        ], 
        [
          157.45775649575106, 
          191.6124113561661, 
          646.8448944612812, 
          -142.33345538242145
        ], 
        [
          2278.851624196308, 
          646.8448944612812, 
          2928.4284285868684, 
          -1171.9077699912702
        ], 
        [
          -1841.369831114481, 
          -142.33345538242145, 
          -1171.9077699912702, 
          795.8462084848614
        ]
      ], 
      "n_events": 100.0, 
      "mean": [
        -16.275572734004058, 
        -8.735492991023898, 
        -33.42076086612037, 
        7.5329676155966725
      ]
    }
  ]
]
