[
  [
    {
      "max_amplitude": 100.0, 
      "emittance": 2.619297364033236, 
      "cov": [
        [
          938.2212845687872, 
          172.96737924777253, 
          -70.08383992016326, 
          -477.9433165478087
        ], 
        [
          172.96737924777253, 
          467.8177106711238, 
          592.0941897314774, 
          160.15359082040445
        ], 
        [
          -70.08383992016326, 
          592.0941897314774, 
          1335.6001965775076, 
          543.4112535380348
        ], 
        [
          -477.9433165478087, 
          160.15359082040445, 
          543.4112535380348, 
          468.3365772047671
        ]
      ], 
      "n_events": 4525.0, 
      "mean": [
        -5.407396238955414, 
        1.8309068048953134, 
        0.36441013624408114, 
        4.394632211967577
      ]
    }, 
    {
      "max_amplitude": 100.0, 
      "emittance": 2.619297364033236, 
      "cov": [
        [
          938.2212845687872, 
          172.96737924777253, 
          -70.08383992016326, 
          -477.9433165478087
        ], 
        [
          172.96737924777253, 
          467.8177106711238, 
          592.0941897314774, 
          160.15359082040445
        ], 
        [
          -70.08383992016326, 
          592.0941897314774, 
          1335.6001965775076, 
          543.4112535380348
        ], 
        [
          -477.9433165478087, 
          160.15359082040445, 
          543.4112535380348, 
          468.3365772047671
        ]
      ], 
      "n_events": 4525.0, 
      "mean": [
        -5.407396238955414, 
        1.8309068048953134, 
        0.36441013624408114, 
        4.394632211967577
      ]
    }, 
    {
      "max_amplitude": 95.0, 
      "emittance": 2.61447928629618, 
      "cov": [
        [
          938.2559821203703, 
          172.93149813752498, 
          -70.39825426378643, 
          -477.87790520198655
        ], 
        [
          172.93149813752498, 
          467.88930969411564, 
          592.0967757641713, 
          160.2624056749071
        ], 
        [
          -70.39825426378643, 
          592.0967757641713, 
          1335.3779884479375, 
          543.8274684141437
        ], 
        [
          -477.87790520198655, 
          160.2624056749071, 
          543.8274684141437, 
          468.27065934612125
        ]
      ], 
      "n_events": 4524.0, 
      "mean": [
        -5.401219546740718, 
        1.8335579346237585, 
        0.37510242754310397, 
        4.388513853262222
      ]
    }, 
    {
      "max_amplitude": 88.61299133300781, 
      "emittance": 2.6100395936167358, 
      "cov": [
        [
          937.8339032878337, 
          172.93172227542257, 
          -70.01662643614902, 
          -477.88976364469085
        ], 
        [
          172.93172227542257, 
          467.9904611619739, 
          592.2516660638548, 
          160.30350139353797
        ], 
        [
          -70.01662643614902, 
          592.2516660638548, 
          1335.4226231939756, 
          543.8885244533649
        ], 
        [
          -477.88976364469085, 
          160.30350139353797, 
          543.8885244533649, 
          468.3602142818132
        ]
      ], 
      "n_events": 4523.0, 
      "mean": [
        -5.413014729260308, 
        1.8328458503009235, 
        0.38254440406753587, 
        4.390271458468759
      ]
    }, 
    {
      "max_amplitude": 81.56098175048828, 
      "emittance": 2.6100395936167358, 
      "cov": [
        [
          937.8339032878337, 
          172.93172227542257, 
          -70.01662643614902, 
          -477.88976364469085
        ], 
        [
          172.93172227542257, 
          467.9904611619739, 
          592.2516660638548, 
          160.30350139353797
        ], 
        [
          -70.01662643614902, 
          592.2516660638548, 
          1335.4226231939756, 
          543.8885244533649
        ], 
        [
          -477.88976364469085, 
          160.30350139353797, 
          543.8885244533649, 
          468.3602142818132
        ]
      ], 
      "n_events": 4523.0, 
      "mean": [
        -5.413014729260308, 
        1.8328458503009235, 
        0.38254440406753587, 
        4.390271458468759
      ]
    }, 
    {
      "max_amplitude": 77.46932983398438, 
      "emittance": 2.6100395936167358, 
      "cov": [
        [
          937.8339032878337, 
          172.93172227542257, 
          -70.01662643614902, 
          -477.88976364469085
        ], 
        [
          172.93172227542257, 
          467.9904611619739, 
          592.2516660638548, 
          160.30350139353797
        ], 
        [
          -70.01662643614902, 
          592.2516660638548, 
          1335.4226231939756, 
          543.8885244533649
        ], 
        [
          -477.88976364469085, 
          160.30350139353797, 
          543.8885244533649, 
          468.3602142818132
        ]
      ], 
      "n_events": 4523.0, 
      "mean": [
        -5.413014729260308, 
        1.8328458503009235, 
        0.38254440406753587, 
        4.390271458468759
      ]
    }, 
    {
      "max_amplitude": 75.0, 
      "emittance": 2.606243952100507, 
      "cov": [
        [
          937.995329845563, 
          172.88936413492772, 
          -70.08535589073422, 
          -478.0899614263624
        ], 
        [
          172.88936413492772, 
          467.95261878919285, 
          592.2892700897762, 
          160.17321313391002
        ], 
        [
          -70.08535589073422, 
          592.2892700897762, 
          1335.6562604975366, 
          543.8993121421867
        ], 
        [
          -478.0899614263624, 
          160.17321313391002, 
          543.8993121421867, 
          468.26943244067695
        ]
      ], 
      "n_events": 4522.0, 
      "mean": [
        -5.409827456608871, 
        1.8384353017706154, 
        0.38623682598736137, 
        4.396826120728163
      ]
    }, 
    {
      "max_amplitude": 67.13241577148438, 
      "emittance": 2.596216193409064, 
      "cov": [
        [
          937.8464637889167, 
          172.3504911287417, 
          -70.60714086940928, 
          -478.1717386560894
        ], 
        [
          172.3504911287417, 
          467.6192425382858, 
          592.16281765824, 
          160.32388760229514
        ], 
        [
          -70.60714086940928, 
          592.16281765824, 
          1335.7961308690697, 
          544.4094065720311
        ], 
        [
          -478.1717386560894, 
          160.32388760229514, 
          544.4094065720311, 
          468.1021549175861
        ]
      ], 
      "n_events": 4519.0, 
      "mean": [
        -5.389732823979565, 
        1.8519063888099039, 
        0.39406758883086246, 
        4.38453900152838
      ]
    }, 
    {
      "max_amplitude": 63.95292282104492, 
      "emittance": 2.5897751405458935, 
      "cov": [
        [
          938.0648149604696, 
          172.21775332219858, 
          -70.68615918371039, 
          -478.2072765040695
        ], 
        [
          172.21775332219858, 
          467.28451848037565, 
          591.9437354277724, 
          160.6671947301499
        ], 
        [
          -70.68615918371039, 
          591.9437354277724, 
          1335.796322081917, 
          544.807980246909
        ], 
        [
          -478.2072765040695, 
          160.6671947301499, 
          544.807980246909, 
          468.12903936373004
        ]
      ], 
      "n_events": 4517.0, 
      "mean": [
        -5.39459547542416, 
        1.83658983540698, 
        0.3792173447482712, 
        4.391597245785389
      ]
    }, 
    {
      "max_amplitude": 60.0, 
      "emittance": 2.577972937488851, 
      "cov": [
        [
          935.9888230196483, 
          173.20512918272584, 
          -69.94038965737522, 
          -476.77446212106184
        ], 
        [
          173.20512918272584, 
          467.2975795041218, 
          592.0103822255719, 
          160.2500603923155
        ], 
        [
          -69.94038965737522, 
          592.0103822255719, 
          1336.1037320436396, 
          544.8899672724998
        ], 
        [
          -476.77446212106184, 
          160.2500603923155, 
          544.8899672724998, 
          467.10507621383266
        ]
      ], 
      "n_events": 4513.0, 
      "mean": [
        -5.385272194168579, 
        1.8330313817480821, 
        0.36565580817565657, 
        4.379814858647223
      ]
    }, 
    {
      "max_amplitude": 54.79935073852539, 
      "emittance": 2.5729865189533263, 
      "cov": [
        [
          936.1904905046251, 
          173.4374838048333, 
          -69.60238423135945, 
          -476.86336331938537
        ], 
        [
          173.4374838048333, 
          466.98838815719614, 
          591.9209290941106, 
          160.3734601328919
        ], 
        [
          -69.60238423135945, 
          591.9209290941106, 
          1336.0407141778217, 
          544.9487864190424
        ], 
        [
          -476.86336331938537, 
          160.3734601328919, 
          544.9487864190424, 
          467.19203082291415
        ]
      ], 
      "n_events": 4511.0, 
      "mean": [
        -5.379744905547039, 
        1.8180092128857266, 
        0.35383399967574597, 
        4.380505871643875
      ]
    }, 
    {
      "max_amplitude": 49.519046783447266, 
      "emittance": 2.563686877543095, 
      "cov": [
        [
          934.5361081880626, 
          173.84499501322793, 
          -70.230218981504, 
          -475.7922842849392
        ], 
        [
          173.84499501322793, 
          467.09255200031197, 
          592.5747461652596, 
          160.26376464059013
        ], 
        [
          -70.230218981504, 
          592.5747461652596, 
          1336.3782155199472, 
          545.3100870857799
        ], 
        [
          -475.7922842849392, 
          160.26376464059013, 
          545.3100870857799, 
          466.2832125425913
        ]
      ], 
      "n_events": 4507.0, 
      "mean": [
        -5.390798589879669, 
        1.8182922809331452, 
        0.3566481840386303, 
        4.384003849599275
      ]
    }, 
    {
      "max_amplitude": 44.93913650512695, 
      "emittance": 2.559612286934544, 
      "cov": [
        [
          934.32150280002, 
          173.67257245041168, 
          -70.23977779389529, 
          -475.37788336332164
        ], 
        [
          173.67257245041168, 
          466.8877388725149, 
          592.359676378148, 
          160.33829506799708
        ], 
        [
          -70.23977779389529, 
          592.359676378148, 
          1336.2144161887904, 
          545.1504524106366
        ], 
        [
          -475.37788336332164, 
          160.33829506799708, 
          545.1504524106366, 
          465.6772723373032
        ]
      ], 
      "n_events": 4505.0, 
      "mean": [
        -5.387734450598468, 
        1.8310957196220217, 
        0.37455049588901496, 
        4.390011394527664
      ]
    }, 
    {
      "max_amplitude": 39.807167053222656, 
      "emittance": 2.543427080896983, 
      "cov": [
        [
          928.5146026631959, 
          173.88302353069065, 
          -72.41445749300081, 
          -472.96829577146957
        ], 
        [
          173.88302353069065, 
          466.53752747885494, 
          591.6871099790346, 
          160.27331512542008
        ], 
        [
          -72.41445749300081, 
          591.6871099790346, 
          1334.5781934499103, 
          545.9712575360269
        ], 
        [
          -472.96829577146957, 
          160.27331512542008, 
          545.9712575360269, 
          464.4608716797158
        ]
      ], 
      "n_events": 4496.0, 
      "mean": [
        -5.382473409662477, 
        1.8303853933385086, 
        0.3842116652195262, 
        4.385622475518867
      ]
    }, 
    {
      "max_amplitude": 34.97831344604492, 
      "emittance": 2.5224097979522826, 
      "cov": [
        [
          921.0415526135419, 
          174.1067313736259, 
          -73.8228944507775, 
          -468.8488070312445
        ], 
        [
          174.1067313736259, 
          466.3365459659768, 
          591.2615190773498, 
          160.55202711533101
        ], 
        [
          -73.8228944507775, 
          591.2615190773498, 
          1333.865706319542, 
          547.4666558110828
        ], 
        [
          -468.8488070312445, 
          160.55202711533101, 
          547.4666558110828, 
          462.4079327537334
        ]
      ], 
      "n_events": 4482.0, 
      "mean": [
        -5.377985806172129, 
        1.8206014266377692, 
        0.360805926006645, 
        4.370509392333966
      ]
    }, 
    {
      "max_amplitude": 29.925325393676758, 
      "emittance": 2.4814208855253717, 
      "cov": [
        [
          909.527670468217, 
          173.31078528371734, 
          -81.2073455129267, 
          -465.8256388362426
        ], 
        [
          173.31078528371734, 
          465.2106820562639, 
          589.9453862275079, 
          160.87754268230532
        ], 
        [
          -81.2073455129267, 
          589.9453862275079, 
          1328.2499027319193, 
          549.8294292958086
        ], 
        [
          -465.8256388362426, 
          160.87754268230532, 
          549.8294292958086, 
          461.3405908394181
        ]
      ], 
      "n_events": 4449.0, 
      "mean": [
        -5.419121367050315, 
        1.8042049852800155, 
        0.2775609306432518, 
        4.356853106177973
      ]
    }, 
    {
      "max_amplitude": 24.939937591552734, 
      "emittance": 2.39586686663819, 
      "cov": [
        [
          891.9653745780703, 
          176.95308669201617, 
          -81.41246347978066, 
          -458.6445003584493
        ], 
        [
          176.95308669201617, 
          460.961805893031, 
          587.6745996554055, 
          159.07365897503115
        ], 
        [
          -81.41246347978066, 
          587.6745996554055, 
          1318.5136507655698, 
          549.6222788055354
        ], 
        [
          -458.6445003584493, 
          159.07365897503115, 
          549.6222788055354, 
          458.0226965842207
        ]
      ], 
      "n_events": 4363.0, 
      "mean": [
        -5.548266057175042, 
        1.648519827184148, 
        0.11633941289992573, 
        4.3367043406582155
      ]
    }, 
    {
      "max_amplitude": 19.98983383178711, 
      "emittance": 2.2385038335130414, 
      "cov": [
        [
          860.4311403145546, 
          175.30827620430787, 
          -97.01885757277523, 
          -448.96727276759054
        ], 
        [
          175.30827620430787, 
          447.18747825561013, 
          577.1846395484093, 
          158.236783270708
        ], 
        [
          -97.01885757277523, 
          577.1846395484093, 
          1297.887114792508, 
          556.0173492322027
        ], 
        [
          -448.96727276759054, 
          158.236783270708, 
          556.0173492322027, 
          455.4754228225081
        ]
      ], 
      "n_events": 4153.0, 
      "mean": [
        -5.089772452592146, 
        1.5202917212083984, 
        -0.01838175627163236, 
        4.0638608191620795
      ]
    }, 
    {
      "max_amplitude": 14.993640899658203, 
      "emittance": 1.9235388091971413, 
      "cov": [
        [
          754.0073554626802, 
          163.95399414446854, 
          -105.838810234224, 
          -404.3799362907872
        ], 
        [
          163.95399414446854, 
          423.07865516418144, 
          566.2278263815696, 
          160.89470964735375
        ], 
        [
          -105.838810234224, 
          566.2278263815696, 
          1267.7283593677485, 
          558.2273822437916
        ], 
        [
          -404.3799362907872, 
          160.89470964735375, 
          558.2273822437916, 
          435.4863048114387
        ]
      ], 
      "n_events": 3596.0, 
      "mean": [
        -4.6574540485659135, 
        1.324116516814319, 
        0.001636791495166419, 
        3.8342663715564504
      ]
    }, 
    {
      "max_amplitude": 9.996843338012695, 
      "emittance": 1.4505128697445682, 
      "cov": [
        [
          555.3401641391588, 
          121.04744657076843, 
          -122.87597088321418, 
          -315.98020142743735
        ], 
        [
          121.04744657076843, 
          356.91877565956884, 
          522.5870644260706, 
          164.17569242428857
        ], 
        [
          -122.87597088321418, 
          522.5870644260706, 
          1193.8524999148963, 
          546.5969734600917
        ], 
        [
          -315.98020142743735, 
          164.17569242428857, 
          546.5969734600917, 
          387.4323198441422
        ]
      ], 
      "n_events": 2511.0, 
      "mean": [
        -3.461703881340013, 
        0.7964585828024858, 
        -0.40307791008922483, 
        3.1207381447949443
      ]
    }, 
    {
      "max_amplitude": 5.0, 
      "emittance": 0.8083645188552688, 
      "cov": [
        [
          306.89914473160326, 
          48.50454022292809, 
          -112.63990421356944, 
          -192.50614694574088
        ], 
        [
          48.50454022292809, 
          228.0517169706242, 
          369.41202449678036, 
          135.7361476604557
        ], 
        [
          -112.63990421356944, 
          369.41202449678036, 
          856.7071223328613, 
          413.24701232521136
        ], 
        [
          -192.50614694574088, 
          135.7361476604557, 
          413.24701232521136, 
          270.85449622234916
        ]
      ], 
      "n_events": 900.0, 
      "mean": [
        -4.008007352242692, 
        0.0434819575686612, 
        -1.6193757120738643, 
        2.9622251600418514
      ]
    }, 
    {
      "max_amplitude": 0.0, 
      "emittance": 0.8083645188552688, 
      "cov": [
        [
          354.6707721197547, 
          11.446889047302847, 
          -301.20768212016935, 
          -300.79759040689504
        ], 
        [
          11.446889047302847, 
          429.06833211973805, 
          830.0505940882791, 
          352.1313176272844
        ], 
        [
          -301.20768212016935, 
          830.0505940882791, 
          2019.3916036736314, 
          1010.7920494741653
        ], 
        [
          -300.79759040689504, 
          352.1313176272844, 
          1010.7920494741653, 
          584.5982580106894
        ]
      ], 
      "n_events": 100.0, 
      "mean": [
        -1.4575922050148458, 
        -1.4551084172438558, 
        -4.420257438671234, 
        1.0129685628932026
      ]
    }
  ], 
  [
    {
      "max_amplitude": 188.63829040527344, 
      "emittance": 2.6182992278725448, 
      "cov": [
        [
          924.3465138721358, 
          158.0269930787872, 
          -104.94258803373658, 
          -478.7498361315079
        ], 
        [
          158.0269930787872, 
          460.1938058185045, 
          578.3923914408177, 
          161.72226055098068
        ], 
        [
          -104.94258803373658, 
          578.3923914408177, 
          1319.8968471705336, 
          552.4278480722455
        ], 
        [
          -478.7498361315079, 
          161.72226055098068, 
          552.4278480722455, 
          469.34575565967447
        ]
      ], 
      "n_events": 4429.0, 
      "mean": [
        -4.878962294084503, 
        1.6473032888763062, 
        -0.15329067031883029, 
        3.6954408643216685
      ]
    }, 
    {
      "max_amplitude": 100.0, 
      "emittance": 2.595353177411303, 
      "cov": [
        [
          924.6444921627417, 
          158.4791565896276, 
          -104.58233353169423, 
          -479.0764175659503
        ], 
        [
          158.4791565896276, 
          459.993151294339, 
          578.1326280810908, 
          162.06786705540773
        ], 
        [
          -104.58233353169423, 
          578.1326280810908, 
          1319.5718077003553, 
          553.048870021293
        ], 
        [
          -479.0764175659503, 
          162.06786705540773, 
          553.048870021293, 
          469.2889296876561
        ]
      ], 
      "n_events": 4426.0, 
      "mean": [
        -4.873137765651282, 
        1.6465286573862563, 
        -0.1416294887730758, 
        3.689217069225538
      ]
    }, 
    {
      "max_amplitude": 95.0, 
      "emittance": 2.595353177411303, 
      "cov": [
        [
          924.6444921627417, 
          158.4791565896276, 
          -104.58233353169423, 
          -479.0764175659503
        ], 
        [
          158.4791565896276, 
          459.993151294339, 
          578.1326280810908, 
          162.06786705540773
        ], 
        [
          -104.58233353169423, 
          578.1326280810908, 
          1319.5718077003553, 
          553.048870021293
        ], 
        [
          -479.0764175659503, 
          162.06786705540773, 
          553.048870021293, 
          469.2889296876561
        ]
      ], 
      "n_events": 4426.0, 
      "mean": [
        -4.873137765651282, 
        1.6465286573862563, 
        -0.1416294887730758, 
        3.689217069225538
      ]
    }, 
    {
      "max_amplitude": 89.38304901123047, 
      "emittance": 2.595353177411303, 
      "cov": [
        [
          924.6444921627417, 
          158.4791565896276, 
          -104.58233353169423, 
          -479.0764175659503
        ], 
        [
          158.4791565896276, 
          459.993151294339, 
          578.1326280810908, 
          162.06786705540773
        ], 
        [
          -104.58233353169423, 
          578.1326280810908, 
          1319.5718077003553, 
          553.048870021293
        ], 
        [
          -479.0764175659503, 
          162.06786705540773, 
          553.048870021293, 
          469.2889296876561
        ]
      ], 
      "n_events": 4426.0, 
      "mean": [
        -4.873137765651282, 
        1.6465286573862563, 
        -0.1416294887730758, 
        3.689217069225538
      ]
    }, 
    {
      "max_amplitude": 85.0, 
      "emittance": 2.5910858684511964, 
      "cov": [
        [
          924.7922957663767, 
          158.56799398876635, 
          -104.52074311132452, 
          -479.23356261095535
        ], 
        [
          158.56799398876635, 
          460.0511324892621, 
          578.1893872750093, 
          162.14687261139855
        ], 
        [
          -104.52074311132452, 
          578.1893872750093, 
          1319.7512464465547, 
          553.2419722573901
        ], 
        [
          -479.23356261095535, 
          162.14687261139855, 
          553.2419722573901, 
          469.35591359985625
        ]
      ], 
      "n_events": 4425.0, 
      "mean": [
        -4.869421301165893, 
        1.6433062514715189, 
        -0.14680911524055681, 
        3.692187990038616
      ]
    }, 
    {
      "max_amplitude": 77.16731262207031, 
      "emittance": 2.5869041514820994, 
      "cov": [
        [
          924.6104062550505, 
          158.38317394137047, 
          -105.40419826252608, 
          -479.2382075545054
        ], 
        [
          158.38317394137047, 
          460.030566795551, 
          577.834742244029, 
          162.24204710961257
        ], 
        [
          -105.40419826252608, 
          577.834742244029, 
          1318.158406156842, 
          553.5950665660653
        ], 
        [
          -479.2382075545054, 
          162.24204710961257, 
          553.5950665660653, 
          469.4345085252555
        ]
      ], 
      "n_events": 4424.0, 
      "mean": [
        -4.860023391529477, 
        1.6486112158263437, 
        -0.12613828700027602, 
        3.68969564633772
      ]
    }, 
    {
      "max_amplitude": 72.08136749267578, 
      "emittance": 2.5832358824886326, 
      "cov": [
        [
          924.6452763203787, 
          158.77420055397616, 
          -105.01972252892928, 
          -479.23068839729063
        ], 
        [
          158.77420055397616, 
          459.4101346206969, 
          577.1326722728151, 
          162.04242019749574
        ], 
        [
          -105.01972252892928, 
          577.1326722728151, 
          1317.4992622824732, 
          553.4486035637431
        ], 
        [
          -479.23068839729063, 
          162.04242019749574, 
          553.4486035637431, 
          469.46356047514195
        ]
      ], 
      "n_events": 4423.0, 
      "mean": [
        -4.853749764047908, 
        1.6358161669704372, 
        -0.14084574182577395, 
        3.6855221422669073
      ]
    }, 
    {
      "max_amplitude": 68.75501251220703, 
      "emittance": 2.5832358824886326, 
      "cov": [
        [
          924.6452763203787, 
          158.77420055397616, 
          -105.01972252892928, 
          -479.23068839729063
        ], 
        [
          158.77420055397616, 
          459.4101346206969, 
          577.1326722728151, 
          162.04242019749574
        ], 
        [
          -105.01972252892928, 
          577.1326722728151, 
          1317.4992622824732, 
          553.4486035637431
        ], 
        [
          -479.23068839729063, 
          162.04242019749574, 
          553.4486035637431, 
          469.46356047514195
        ]
      ], 
      "n_events": 4423.0, 
      "mean": [
        -4.853749764047908, 
        1.6358161669704372, 
        -0.14084574182577395, 
        3.6855221422669073
      ]
    }, 
    {
      "max_amplitude": 63.05232238769531, 
      "emittance": 2.5832358824886326, 
      "cov": [
        [
          924.6452763203787, 
          158.77420055397616, 
          -105.01972252892928, 
          -479.23068839729063
        ], 
        [
          158.77420055397616, 
          459.4101346206969, 
          577.1326722728151, 
          162.04242019749574
        ], 
        [
          -105.01972252892928, 
          577.1326722728151, 
          1317.4992622824732, 
          553.4486035637431
        ], 
        [
          -479.23068839729063, 
          162.04242019749574, 
          553.4486035637431, 
          469.46356047514195
        ]
      ], 
      "n_events": 4423.0, 
      "mean": [
        -4.853749764047908, 
        1.6358161669704372, 
        -0.14084574182577395, 
        3.6855221422669073
      ]
    }, 
    {
      "max_amplitude": 60.0, 
      "emittance": 2.574304155963945, 
      "cov": [
        [
          924.5064428093646, 
          158.38552317431586, 
          -105.32700050205848, 
          -479.1106055943174
        ], 
        [
          158.38552317431586, 
          459.20284335030794, 
          576.8533917172355, 
          162.33147889656973
        ], 
        [
          -105.32700050205848, 
          576.8533917172355, 
          1316.702636238777, 
          553.8672037318955
        ], 
        [
          -479.1106055943174, 
          162.33147889656973, 
          553.8672037318955, 
          469.31943964053806
        ]
      ], 
      "n_events": 4420.0, 
      "mean": [
        -4.850863507469188, 
        1.6456796942484935, 
        -0.12842998575743753, 
        3.695293089105526
      ]
    }, 
    {
      "max_amplitude": 53.968360900878906, 
      "emittance": 2.5716174666075013, 
      "cov": [
        [
          924.4271242644915, 
          158.19588396071714, 
          -105.50124880284906, 
          -479.3403499824937
        ], 
        [
          158.19588396071714, 
          459.13054796501444, 
          576.8663851593246, 
          162.27339984835135
        ], 
        [
          -105.50124880284906, 
          576.8663851593246, 
          1316.9221881620624, 
          553.9292935786315
        ], 
        [
          -479.3403499824937, 
          162.27339984835135, 
          553.9292935786315, 
          469.37462753158815
        ]
      ], 
      "n_events": 4419.0, 
      "mean": [
        -4.842785185663879, 
        1.651993072321733, 
        -0.12421854812552185, 
        3.698690268078034
      ]
    }, 
    {
      "max_amplitude": 48.24552536010742, 
      "emittance": 2.561920384126026, 
      "cov": [
        [
          921.5565387744965, 
          157.78196730428795, 
          -107.0212151821507, 
          -478.23445572484906
        ], 
        [
          157.78196730428795, 
          459.2027906337598, 
          576.8957382679597, 
          162.4372030890184
        ], 
        [
          -107.0212151821507, 
          576.8957382679597, 
          1317.1952307152867, 
          554.6244089821556
        ], 
        [
          -478.23445572484906, 
          162.4372030890184, 
          554.6244089821556, 
          468.59738090775954
        ]
      ], 
      "n_events": 4415.0, 
      "mean": [
        -4.842221239606572, 
        1.661736788825817, 
        -0.11779699346299392, 
        3.696910992890055
      ]
    }, 
    {
      "max_amplitude": 44.117549896240234, 
      "emittance": 2.54500996490464, 
      "cov": [
        [
          921.5781994116116, 
          158.40035847150938, 
          -107.40793213030427, 
          -478.06922683975006
        ], 
        [
          158.40035847150938, 
          458.7409578465716, 
          576.5867737797118, 
          162.11516888341905
        ], 
        [
          -107.40793213030427, 
          576.5867737797118, 
          1315.1400234053508, 
          554.3503917402572
        ], 
        [
          -478.06922683975006, 
          162.11516888341905, 
          554.3503917402572, 
          467.8503708627044
        ]
      ], 
      "n_events": 4407.0, 
      "mean": [
        -4.861394342976828, 
        1.6539295330522308, 
        -0.14993526039971974, 
        3.6835779942801317
      ]
    }, 
    {
      "max_amplitude": 39.64198684692383, 
      "emittance": 2.5247971217379113, 
      "cov": [
        [
          920.5789005986005, 
          160.62608626240927, 
          -105.04225320277502, 
          -476.75334286277894
        ], 
        [
          160.62608626240927, 
          457.0035243125864, 
          574.6109481583368, 
          160.7560411034895
        ], 
        [
          -105.04225320277502, 
          574.6109481583368, 
          1312.3699827887947, 
          552.8938227635552
        ], 
        [
          -476.75334286277894, 
          160.7560411034895, 
          552.8938227635552, 
          466.4154519678342
        ]
      ], 
      "n_events": 4396.0, 
      "mean": [
        -4.874366245654591, 
        1.6351239541028795, 
        -0.17124614461386062, 
        3.679624071705759
      ]
    }, 
    {
      "max_amplitude": 34.790443420410156, 
      "emittance": 2.503016682284261, 
      "cov": [
        [
          919.5484605209999, 
          160.27787357455995, 
          -107.11815757368429, 
          -476.6211149492907
        ], 
        [
          160.27787357455995, 
          456.15117609600514, 
          574.422820505606, 
          160.77035507687623
        ], 
        [
          -107.11815757368429, 
          574.422820505606, 
          1311.6316223949082, 
          553.3749973365971
        ], 
        [
          -476.6211149492907, 
          160.77035507687623, 
          553.3749973365971, 
          465.575998074666
        ]
      ], 
      "n_events": 4382.0, 
      "mean": [
        -4.913271593075177, 
        1.6133855315641967, 
        -0.22388819101426216, 
        3.6816939685940993
      ]
    }, 
    {
      "max_amplitude": 29.74489974975586, 
      "emittance": 2.4568752850183677, 
      "cov": [
        [
          914.996269456124, 
          162.3159380614798, 
          -108.75140110774359, 
          -476.26963041567905
        ], 
        [
          162.3159380614798, 
          453.1456076850569, 
          573.5325750040486, 
          159.81915451145017
        ], 
        [
          -108.75140110774359, 
          573.5325750040486, 
          1308.526624331904, 
          553.3506401979193
        ], 
        [
          -476.26963041567905, 
          159.81915451145017, 
          553.3506401979193, 
          465.2725729156615
        ]
      ], 
      "n_events": 4346.0, 
      "mean": [
        -4.894948616403242, 
        1.6332588264636745, 
        -0.24951899269678832, 
        3.656258813373723
      ]
    }, 
    {
      "max_amplitude": 24.929086685180664, 
      "emittance": 2.3755200085362627, 
      "cov": [
        [
          902.0161624250438, 
          163.87761569463976, 
          -113.3178257118337, 
          -470.5328168375146
        ], 
        [
          163.87761569463976, 
          447.62151827214984, 
          572.730380821647, 
          160.18952783340112
        ], 
        [
          -113.3178257118337, 
          572.730380821647, 
          1305.231873022258, 
          556.564897495976
        ], 
        [
          -470.5328168375146, 
          160.18952783340112, 
          556.564897495976, 
          462.61278513777506
        ]
      ], 
      "n_events": 4266.0, 
      "mean": [
        -4.705234720524257, 
        1.597261720951852, 
        -0.44647737091514983, 
        3.4783003419079788
      ]
    }, 
    {
      "max_amplitude": 19.99363136291504, 
      "emittance": 2.211536156194139, 
      "cov": [
        [
          872.8706501778503, 
          160.5178263141252, 
          -130.14558828890392, 
          -461.89548263532186
        ], 
        [
          160.5178263141252, 
          432.3605071074461, 
          561.8613774470434, 
          159.761498728619
        ], 
        [
          -130.14558828890392, 
          561.8613774470434, 
          1285.6722682785767, 
          563.0572630707154
        ], 
        [
          -461.89548263532186, 
          159.761498728619, 
          563.0572630707154, 
          459.7077602473456
        ]
      ], 
      "n_events": 4055.0, 
      "mean": [
        -4.474236547324151, 
        1.3673690712748878, 
        -0.8121871697163628, 
        3.2489469946962855
      ]
    }, 
    {
      "max_amplitude": 14.994512557983398, 
      "emittance": 1.9211684750727167, 
      "cov": [
        [
          785.8243973222615, 
          156.207319600804, 
          -147.89804465908884, 
          -424.18603962106016
        ], 
        [
          156.207319600804, 
          409.8211372697514, 
          550.5301138143858, 
          158.50709073291742
        ], 
        [
          -147.89804465908884, 
          550.5301138143858, 
          1265.244119277684, 
          569.8148465823117
        ], 
        [
          -424.18603962106016, 
          158.50709073291742, 
          569.8148465823117, 
          440.9406901135408
        ]
      ], 
      "n_events": 3547.0, 
      "mean": [
        -4.4863023888612465, 
        0.9530118600148079, 
        -1.2960469091019677, 
        3.0871919221262782
      ]
    }, 
    {
      "max_amplitude": 9.997434616088867, 
      "emittance": 1.4444719109039479, 
      "cov": [
        [
          621.7252802447255, 
          127.30349883814259, 
          -152.74582369354934, 
          -351.7917640719557
        ], 
        [
          127.30349883814259, 
          358.4305929929514, 
          519.9090230904955, 
          158.65537250980884
        ], 
        [
          -152.74582369354934, 
          519.9090230904955, 
          1203.7359047337309, 
          555.6057207252935
        ], 
        [
          -351.7917640719557, 
          158.65537250980884, 
          555.6057207252935, 
          399.3355274897725
        ]
      ], 
      "n_events": 2483.0, 
      "mean": [
        -4.681976124842529, 
        0.2260838871394714, 
        -2.0072648264247483, 
        2.8337345741510482
      ]
    }, 
    {
      "max_amplitude": 5.0, 
      "emittance": 0.7760164482491291, 
      "cov": [
        [
          345.575419020136, 
          47.0273275728, 
          -146.62551988116115, 
          -218.51023715501486
        ], 
        [
          47.0273275728, 
          232.8893271330066, 
          384.0006404790805, 
          140.92652444157315
        ], 
        [
          -146.62551988116115, 
          384.0006404790805, 
          910.1010531826361, 
          444.07243195937076
        ], 
        [
          -218.51023715501486, 
          140.92652444157315, 
          444.07243195937076, 
          288.6124892172212
        ]
      ], 
      "n_events": 875.0, 
      "mean": [
        -5.506351854872735, 
        -0.7444390234709798, 
        -3.3885740229252628, 
        2.7422375444943445
      ]
    }, 
    {
      "max_amplitude": 0.0, 
      "emittance": 0.7760164482491291, 
      "cov": [
        [
          356.55448842457076, 
          3.491085793635861, 
          -297.1712345184819, 
          -286.0655819413543
        ], 
        [
          3.491085793635861, 
          432.078016114704, 
          858.4169894943234, 
          361.26189539101136
        ], 
        [
          -297.1712345184819, 
          858.4169894943234, 
          2083.5842635232607, 
          1007.2608049418294
        ], 
        [
          -286.0655819413543, 
          361.26189539101136, 
          1007.2608049418294, 
          555.441749246608
        ]
      ], 
      "n_events": 100.0, 
      "mean": [
        -4.084679539265919, 
        -8.937681634216128, 
        -19.71390690572484, 
        -4.380752360282966
      ]
    }
  ]
]
