[
  [
    {
      "max_amplitude": 100.0, 
      "emittance": 2.617429983434599, 
      "cov": [
        [
          1929.4386654288169, 
          -619.3806640381172, 
          169.6299418077751, 
          -698.3941139182816
        ], 
        [
          -619.3806640381172, 
          422.9984192272477, 
          535.147647783289, 
          16.768293546816224
        ], 
        [
          169.6299418077751, 
          535.147647783289, 
          1861.7511745074237, 
          -687.3943694454335
        ], 
        [
          -698.3941139182816, 
          16.768293546816224, 
          -687.3943694454335, 
          512.2560185569914
        ]
      ], 
      "n_events": 26078.0, 
      "mean": [
        -4.603467267421179, 
        4.462238641816193, 
        11.74615624258781, 
        -4.764103754170411
      ]
    }, 
    {
      "max_amplitude": 95.17303466796875, 
      "emittance": 2.586365469225046, 
      "cov": [
        [
          1928.3754431035948, 
          -619.879958495235, 
          170.58446280246338, 
          -698.1834798048654
        ], 
        [
          -619.879958495235, 
          422.86584600194556, 
          535.3346754776103, 
          16.740965631564734
        ], 
        [
          170.58446280246338, 
          535.3346754776103, 
          1860.3609470865322, 
          -688.1227546194252
        ], 
        [
          -698.1834798048654, 
          16.740965631564734, 
          -688.1227546194252, 
          511.9193099769496
        ]
      ], 
      "n_events": 26062.0, 
      "mean": [
        -4.61063404038554, 
        4.4566942914361185, 
        11.747826636595248, 
        -4.770190271219791
      ]
    }, 
    {
      "max_amplitude": 93.82583618164062, 
      "emittance": 2.586365469225046, 
      "cov": [
        [
          1928.3754431035948, 
          -619.879958495235, 
          170.58446280246338, 
          -698.1834798048654
        ], 
        [
          -619.879958495235, 
          422.86584600194556, 
          535.3346754776103, 
          16.740965631564734
        ], 
        [
          170.58446280246338, 
          535.3346754776103, 
          1860.3609470865322, 
          -688.1227546194252
        ], 
        [
          -698.1834798048654, 
          16.740965631564734, 
          -688.1227546194252, 
          511.9193099769496
        ]
      ], 
      "n_events": 26062.0, 
      "mean": [
        -4.61063404038554, 
        4.4566942914361185, 
        11.747826636595248, 
        -4.770190271219791
      ]
    }, 
    {
      "max_amplitude": 89.92911529541016, 
      "emittance": 2.5848051595217707, 
      "cov": [
        [
          1927.7586470818574, 
          -619.9760748337904, 
          170.1241658227052, 
          -697.9021333753503
        ], 
        [
          -619.9760748337904, 
          422.8952097956776, 
          535.345080841666, 
          16.763191481523968
        ], 
        [
          170.1241658227052, 
          535.345080841666, 
          1860.1622710135314, 
          -687.992598492819
        ], 
        [
          -697.9021333753503, 
          16.763191481523968, 
          -687.992598492819, 
          511.7996810003591
        ]
      ], 
      "n_events": 26060.0, 
      "mean": [
        -4.603064217666976, 
        4.457178646180556, 
        11.752808441800333, 
        -4.77335648473313
      ]
    }, 
    {
      "max_amplitude": 83.64453125, 
      "emittance": 2.584041458325749, 
      "cov": [
        [
          1927.8027378255754, 
          -619.9973859572311, 
          170.21527744710951, 
          -697.9420308672347
        ], 
        [
          -619.9973859572311, 
          422.9112323296525, 
          535.3586051855402, 
          16.76492321355668
        ], 
        [
          170.21527744710951, 
          535.3586051855402, 
          1859.994266387709, 
          -687.9818792954356
        ], 
        [
          -697.9420308672347, 
          16.76492321355668, 
          -687.9818792954356, 
          511.8135649350075
        ]
      ], 
      "n_events": 26059.0, 
      "mean": [
        -4.60413509694249, 
        4.457267519428845, 
        11.755839242264042, 
        -4.7738264587892
      ]
    }, 
    {
      "max_amplitude": 79.3238296508789, 
      "emittance": 2.58196855352779, 
      "cov": [
        [
          1927.33557701043, 
          -619.913252956243, 
          170.1544044525794, 
          -697.8109786535819
        ], 
        [
          -619.913252956243, 
          422.8347777302006, 
          535.3735890641645, 
          16.722402824136925
        ], 
        [
          170.1544044525794, 
          535.3735890641645, 
          1860.1171512065325, 
          -688.0661233148597
        ], 
        [
          -697.8109786535819, 
          16.722402824136925, 
          -688.0661233148597, 
          511.77832336115057
        ]
      ], 
      "n_events": 26056.0, 
      "mean": [
        -4.6120723258805105, 
        4.459357440983982, 
        11.756021713583158, 
        -4.770588057420757
      ]
    }, 
    {
      "max_amplitude": 70.84825897216797, 
      "emittance": 2.5807189185365624, 
      "cov": [
        [
          1927.2848712585344, 
          -619.7730897788196, 
          170.21942220685946, 
          -697.7653042448749
        ], 
        [
          -619.7730897788196, 
          422.68927427148293, 
          535.3647280243753, 
          16.631122466373725
        ], 
        [
          170.21942220685946, 
          535.3647280243753, 
          1860.2449435261633, 
          -688.1428709347833
        ], 
        [
          -697.7653042448749, 
          16.631122466373725, 
          -688.1428709347833, 
          511.7651170492165
        ]
      ], 
      "n_events": 26054.0, 
      "mean": [
        -4.615975497330097, 
        4.463040507306587, 
        11.757032943460977, 
        -4.768624336047779
      ]
    }, 
    {
      "max_amplitude": 68.83009338378906, 
      "emittance": 2.5759692167874673, 
      "cov": [
        [
          1926.5226495933248, 
          -619.6316088251165, 
          170.06123274341718, 
          -697.3731898168854
        ], 
        [
          -619.6316088251165, 
          422.521866828786, 
          535.4276680320521, 
          16.470207643437426
        ], 
        [
          170.06123274341718, 
          535.4276680320521, 
          1860.5165759549905, 
          -688.2083824715055
        ], 
        [
          -697.3731898168854, 
          16.470207643437426, 
          -688.2083824715055, 
          511.5276331455968
        ]
      ], 
      "n_events": 26046.0, 
      "mean": [
        -4.611973397717309, 
        4.464877845328095, 
        11.762045173179416, 
        -4.770356693717286
      ]
    }, 
    {
      "max_amplitude": 64.73915100097656, 
      "emittance": 2.5710570142689018, 
      "cov": [
        [
          1926.0450257630105, 
          -619.140971393478, 
          170.19316012678146, 
          -697.0039561680155
        ], 
        [
          -619.140971393478, 
          422.00860737147127, 
          535.3107542417634, 
          16.12078721579041
        ], 
        [
          170.19316012678146, 
          535.3107542417634, 
          1860.8307643139171, 
          -688.4565000790975
        ], 
        [
          -697.0039561680155, 
          16.12078721579041, 
          -688.4565000790975, 
          511.34995613416015
        ]
      ], 
      "n_events": 26037.0, 
      "mean": [
        -4.625978140521682, 
        4.479492709447709, 
        11.769545134227357, 
        -4.762826589060541
      ]
    }, 
    {
      "max_amplitude": 59.369266510009766, 
      "emittance": 2.566579992211576, 
      "cov": [
        [
          1925.590854423616, 
          -618.9377568152478, 
          170.11903223074563, 
          -696.8919269393753
        ], 
        [
          -618.9377568152478, 
          421.74121150185795, 
          535.0859254001386, 
          16.008978703679926
        ], 
        [
          170.11903223074563, 
          535.0859254001386, 
          1860.1665622573285, 
          -688.4689939218888
        ], 
        [
          -696.8919269393753, 
          16.008978703679926, 
          -688.4689939218888, 
          511.2885731802785
        ]
      ], 
      "n_events": 26028.0, 
      "mean": [
        -4.641937349763904, 
        4.487167244539911, 
        11.767132971042448, 
        -4.757088495813925
      ]
    }, 
    {
      "max_amplitude": 54.627811431884766, 
      "emittance": 2.562117071172311, 
      "cov": [
        [
          1925.3703586108468, 
          -618.69860241165, 
          170.2867286334041, 
          -696.7409633115944
        ], 
        [
          -618.69860241165, 
          421.5106931620614, 
          534.9042370631308, 
          15.862184427089229
        ], 
        [
          170.2867286334041, 
          534.9042370631308, 
          1859.6466664002512, 
          -688.5762670107734
        ], 
        [
          -696.7409633115944, 
          15.862184427089229, 
          -688.5762670107734, 
          511.10864809791485
        ]
      ], 
      "n_events": 26018.0, 
      "mean": [
        -4.650767075649225, 
        4.493089986953229, 
        11.769548295084029, 
        -4.75046391500868
      ]
    }, 
    {
      "max_amplitude": 49.6958122253418, 
      "emittance": 2.5543803434054744, 
      "cov": [
        [
          1924.9338948698442, 
          -618.2424038011899, 
          170.32442245907288, 
          -696.5697822920934
        ], 
        [
          -618.2424038011899, 
          421.0046765494326, 
          534.917724913176, 
          15.59090367094661
        ], 
        [
          170.32442245907288, 
          534.917724913176, 
          1860.1894129552152, 
          -688.7929240483126
        ], 
        [
          -696.5697822920934, 
          15.59090367094661, 
          -688.7929240483126, 
          510.8974764111848
        ]
      ], 
      "n_events": 25999.0, 
      "mean": [
        -4.6564787482321055, 
        4.504665205738083, 
        11.77785918550815, 
        -4.743791871460986
      ]
    }, 
    {
      "max_amplitude": 44.968021392822266, 
      "emittance": 2.5411385650346334, 
      "cov": [
        [
          1923.2278204891527, 
          -617.767786025595, 
          170.34067026187915, 
          -695.6474411946043
        ], 
        [
          -617.767786025595, 
          420.66299176957403, 
          534.8215094501326, 
          15.27287293704791
        ], 
        [
          170.34067026187915, 
          534.8215094501326, 
          1859.4473071795983, 
          -688.5214113719976
        ], 
        [
          -695.6474411946043, 
          15.27287293704791, 
          -688.5214113719976, 
          509.87085471828556
        ]
      ], 
      "n_events": 25962.0, 
      "mean": [
        -4.683340109117725, 
        4.519596061323318, 
        11.778690453191146, 
        -4.732899520614701
      ]
    }, 
    {
      "max_amplitude": 39.986167907714844, 
      "emittance": 2.5192207819139445, 
      "cov": [
        [
          1919.923590362217, 
          -616.5744019216951, 
          170.1294768993239, 
          -694.0619631854782
        ], 
        [
          -616.5744019216951, 
          419.43981934833283, 
          534.0669878984589, 
          14.56743829128696
        ], 
        [
          170.1294768993239, 
          534.0669878984589, 
          1857.0587568155868, 
          -688.3443482809123
        ], 
        [
          -694.0619631854782, 
          14.56743829128696, 
          -688.3443482809123, 
          508.79566701733023
        ]
      ], 
      "n_events": 25892.0, 
      "mean": [
        -4.711678837767307, 
        4.551717870505467, 
        11.789097811322172, 
        -4.712867178121508
      ]
    }, 
    {
      "max_amplitude": 34.94673156738281, 
      "emittance": 2.4862678241197704, 
      "cov": [
        [
          1914.0592642183697, 
          -613.7504312523733, 
          172.02991068132707, 
          -692.1407721171414
        ], 
        [
          -613.7504312523733, 
          417.6572412026449, 
          532.6947882575339, 
          13.703117572304322
        ], 
        [
          172.02991068132707, 
          532.6947882575339, 
          1851.731405362067, 
          -687.263829265144
        ], 
        [
          -692.1407721171414, 
          13.703117572304322, 
          -687.263829265144, 
          506.5582293144611
        ]
      ], 
      "n_events": 25767.0, 
      "mean": [
        -4.788512516165199, 
        4.6022004632493285, 
        11.848553268291464, 
        -4.675448920196014
      ]
    }, 
    {
      "max_amplitude": 29.994428634643555, 
      "emittance": 2.431284803581901, 
      "cov": [
        [
          1902.556048835336, 
          -609.9376790783471, 
          169.79667944391528, 
          -686.1819811569204
        ], 
        [
          -609.9376790783471, 
          414.08672911560416, 
          529.4573457891187, 
          12.693155602642435
        ], 
        [
          169.79667944391528, 
          529.4573457891187, 
          1838.2687456936944, 
          -682.330088140463
        ], 
        [
          -686.1819811569204, 
          12.693155602642435, 
          -682.330088140463, 
          501.0938661123071
        ]
      ], 
      "n_events": 25516.0, 
      "mean": [
        -4.835056482276199, 
        4.682934238602792, 
        12.00705076342486, 
        -4.681589604459287
      ]
    }, 
    {
      "max_amplitude": 24.9995174407959, 
      "emittance": 2.33292518571655, 
      "cov": [
        [
          1870.689338225027, 
          -601.3077724684365, 
          162.403236066491, 
          -673.3588280000864
        ], 
        [
          -601.3077724684365, 
          407.6382132219673, 
          524.5542526647902, 
          11.089913236254388
        ], 
        [
          162.403236066491, 
          524.5542526647902, 
          1815.0813641544216, 
          -672.9636353110631
        ], 
        [
          -673.3588280000864, 
          11.089913236254388, 
          -672.9636353110631, 
          491.4740334217082
        ]
      ], 
      "n_events": 24955.0, 
      "mean": [
        -5.044473507340667, 
        4.837762462610643, 
        12.113273509320772, 
        -4.595957178813157
      ]
    }, 
    {
      "max_amplitude": 19.99537467956543, 
      "emittance": 2.1618073196382195, 
      "cov": [
        [
          1809.9395107841844, 
          -579.6852630026465, 
          159.34187001020473, 
          -652.36287721218
        ], 
        [
          -579.6852630026465, 
          390.6907172963723, 
          505.1984427155718, 
          10.19225311180622
        ], 
        [
          159.34187001020473, 
          505.1984427155718, 
          1750.7577940760943, 
          -651.4633909403778
        ], 
        [
          -652.36287721218, 
          10.19225311180622, 
          -651.4633909403778, 
          473.21095423259356
        ]
      ], 
      "n_events": 23686.0, 
      "mean": [
        -5.388208987790806, 
        5.168088905985188, 
        12.67112985312075, 
        -4.592895484338277
      ]
    }, 
    {
      "max_amplitude": 14.998916625976562, 
      "emittance": 1.8667060543664684, 
      "cov": [
        [
          1675.8544912233326, 
          -529.590595595366, 
          172.57811392834645, 
          -612.3653907690459
        ], 
        [
          -529.590595595366, 
          351.2164709035433, 
          447.38789917886936, 
          13.430091871872945
        ], 
        [
          172.57811392834645, 
          447.38789917886936, 
          1576.37658066957, 
          -598.6749546925167
        ], 
        [
          -612.3653907690459, 
          13.430091871872945, 
          -598.6749546925167, 
          436.49432234459374
        ]
      ], 
      "n_events": 20777.0, 
      "mean": [
        -5.966551660586685, 
        5.966018993101781, 
        14.201407282216628, 
        -4.866321657893513
      ]
    }, 
    {
      "max_amplitude": 9.999445915222168, 
      "emittance": 1.4004032856627227, 
      "cov": [
        [
          1377.5878640655874, 
          -433.8916228505387, 
          148.6651715811745, 
          -505.3204391494028
        ], 
        [
          -433.8916228505387, 
          281.4901122487372, 
          351.706082591742, 
          15.819097161608425
        ], 
        [
          148.6651715811745, 
          351.706082591742, 
          1247.51592360882, 
          -480.17953725454555
        ], 
        [
          -505.3204391494028, 
          15.819097161608425, 
          -480.17953725454555, 
          352.2698023688842
        ]
      ], 
      "n_events": 14837.0, 
      "mean": [
        -6.385230117915253, 
        7.1888646947982435, 
        17.094691288574648, 
        -5.644659528879795
      ]
    }, 
    {
      "max_amplitude": 5.0, 
      "emittance": 0.7638526033626469, 
      "cov": [
        [
          810.5696896208799, 
          -251.05981011494669, 
          96.4247138400398, 
          -299.9573094882168
        ], 
        [
          -251.05981011494669, 
          160.90825515626807, 
          201.75597284390062, 
          9.135760364477768
        ], 
        [
          96.4247138400398, 
          201.75597284390062, 
          727.7220663007973, 
          -285.7449059813309
        ], 
        [
          -299.9573094882168, 
          9.135760364477768, 
          -285.7449059813309, 
          208.192335179363
        ]
      ], 
      "n_events": 5911.0, 
      "mean": [
        -6.5517511115830525, 
        8.078412714584339, 
        19.40714820047399, 
        -6.255913051392896
      ]
    }, 
    {
      "max_amplitude": 0.0, 
      "emittance": 0.7638526033626469, 
      "cov": [
        [
          1786.814650025686, 
          -478.3323775869155, 
          438.5792928507114, 
          -739.6873438808632
        ], 
        [
          -478.3323775869155, 
          191.25774829596492, 
          62.712802902639055, 
          134.30988646579328
        ], 
        [
          438.5792928507114, 
          62.712802902639055, 
          676.5179839954862, 
          -377.78891492989135
        ], 
        [
          -739.6873438808632, 
          134.30988646579328, 
          -377.78891492989135, 
          383.3644938350153
        ]
      ], 
      "n_events": 100.0, 
      "mean": [
        -12.453041737454422, 
        20.4770688913526, 
        47.755502745720214, 
        -13.354139595460873
      ]
    }
  ], 
  [
    {
      "max_amplitude": 341.40618896484375, 
      "emittance": 2.6343097223358685, 
      "cov": [
        [
          1948.1661456348518, 
          -625.9728492691729, 
          177.78540545619472, 
          -705.7946859613164
        ], 
        [
          -625.9728492691729, 
          427.3899525739667, 
          534.2396718708959, 
          19.933283671870623
        ], 
        [
          177.78540545619472, 
          534.2396718708959, 
          1862.8506632851957, 
          -685.0364145937868
        ], 
        [
          -705.7946859613164, 
          19.933283671870623, 
          -685.0364145937868, 
          511.30282020030535
        ]
      ], 
      "n_events": 25975.0, 
      "mean": [
        -4.809415370146574, 
        4.44390293103292, 
        11.319664917682434, 
        -4.542606980998701
      ]
    }, 
    {
      "max_amplitude": 100.0, 
      "emittance": 2.612457938235773, 
      "cov": [
        [
          1948.0239440173236, 
          -626.7150205601938, 
          177.65243607037803, 
          -705.6498956169543
        ], 
        [
          -626.7150205601938, 
          427.057238821546, 
          534.1447668178839, 
          20.205006329491802
        ], 
        [
          177.65243607037803, 
          534.1447668178839, 
          1862.0920980976903, 
          -685.4148920641178
        ], 
        [
          -705.6498956169543, 
          20.205006329491802, 
          -685.4148920641178, 
          511.1140204963686
        ]
      ], 
      "n_events": 25961.0, 
      "mean": [
        -4.805029416688447, 
        4.443531245324108, 
        11.323718157925406, 
        -4.54116150191139
      ]
    }, 
    {
      "max_amplitude": 92.58467102050781, 
      "emittance": 2.6116079683938658, 
      "cov": [
        [
          1947.9423987451266, 
          -626.8133023063151, 
          177.51240093601407, 
          -705.5287850686174
        ], 
        [
          -626.8133023063151, 
          427.03858523514646, 
          534.0957979123037, 
          20.275998811628153
        ], 
        [
          177.51240093601407, 
          534.0957979123037, 
          1862.0260531585043, 
          -685.3021941026471
        ], 
        [
          -705.5287850686174, 
          20.275998811628153, 
          -685.3021941026471, 
          510.993269004439
        ]
      ], 
      "n_events": 25960.0, 
      "mean": [
        -4.802573552786147, 
        4.444694065575758, 
        11.326021814697416, 
        -4.543487329798791
      ]
    }, 
    {
      "max_amplitude": 88.49750518798828, 
      "emittance": 2.60843226659004, 
      "cov": [
        [
          1948.0677935108035, 
          -626.798734585873, 
          177.69742812876584, 
          -705.6860279276599
        ], 
        [
          -626.798734585873, 
          426.8628592092882, 
          533.9472233860548, 
          20.29180509850245
        ], 
        [
          177.69742812876584, 
          533.9472233860548, 
          1861.8093533685583, 
          -685.3250464882444
        ], 
        [
          -705.6860279276599, 
          20.29180509850245, 
          -685.3250464882444, 
          511.0375210572547
        ]
      ], 
      "n_events": 25956.0, 
      "mean": [
        -4.804557264419405, 
        4.447740852994758, 
        11.331856000371241, 
        -4.545237291640477
      ]
    }, 
    {
      "max_amplitude": 82.68136596679688, 
      "emittance": 2.6069512113157516, 
      "cov": [
        [
          1948.1641749222103, 
          -626.7705576796907, 
          177.92045978307448, 
          -705.7876863854733
        ], 
        [
          -626.7705576796907, 
          426.75056326937914, 
          533.6446026911888, 
          20.329105032450624
        ], 
        [
          177.92045978307448, 
          533.6446026911888, 
          1861.0795071400455, 
          -685.2334598697905
        ], 
        [
          -705.7876863854733, 
          20.329105032450624, 
          -685.2334598697905, 
          511.007912756342
        ]
      ], 
      "n_events": 25954.0, 
      "mean": [
        -4.8065911963012, 
        4.4505867563057775, 
        11.339718028395357, 
        -4.547069217164188
      ]
    }, 
    {
      "max_amplitude": 75.95764923095703, 
      "emittance": 2.604144588730346, 
      "cov": [
        [
          1948.182760305978, 
          -626.553579513218, 
          178.12203964818985, 
          -705.7458151263705
        ], 
        [
          -626.553579513218, 
          426.4621338585903, 
          533.5164557168173, 
          20.170614497402344
        ], 
        [
          178.12203964818985, 
          533.5164557168173, 
          1861.1926252350806, 
          -685.4196384819592
        ], 
        [
          -705.7458151263705, 
          20.170614497402344, 
          -685.4196384819592, 
          510.9897364357566
        ]
      ], 
      "n_events": 25950.0, 
      "mean": [
        -4.810341159384118, 
        4.454258492355346, 
        11.339602056192104, 
        -4.545043200721011
      ]
    }, 
    {
      "max_amplitude": 74.68466186523438, 
      "emittance": 2.6034894681311496, 
      "cov": [
        [
          1948.1636191260015, 
          -626.4712985430559, 
          178.19548368386202, 
          -705.7417920029729
        ], 
        [
          -626.4712985430559, 
          426.3583521340326, 
          533.4618093899493, 
          20.136125986772136
        ], 
        [
          178.19548368386202, 
          533.4618093899493, 
          1861.2173014708387, 
          -685.4681145740095
        ], 
        [
          -705.7417920029729, 
          20.136125986772136, 
          -685.4681145740095, 
          510.9990831252405
        ]
      ], 
      "n_events": 25949.0, 
      "mean": [
        -4.812246588124379, 
        4.456410808224447, 
        11.340948541822092, 
        -4.54441182035981
      ]
    }, 
    {
      "max_amplitude": 68.78729248046875, 
      "emittance": 2.602901399300318, 
      "cov": [
        [
          1948.0018839215143, 
          -626.4648159127507, 
          178.08567825319676, 
          -705.7446788751053
        ], 
        [
          -626.4648159127507, 
          426.37082268259434, 
          533.4974568576781, 
          20.133757967092276
        ], 
        [
          178.08567825319676, 
          533.4974568576781, 
          1861.2315480698314, 
          -685.4825538108662
        ], 
        [
          -705.7446788751053, 
          20.133757967092276, 
          -685.4825538108662, 
          511.0162804685047
        ]
      ], 
      "n_events": 25948.0, 
      "mean": [
        -4.809225700147303, 
        4.4560201391922565, 
        11.342436881218312, 
        -4.544721953153077
      ]
    }, 
    {
      "max_amplitude": 64.8050308227539, 
      "emittance": 2.6007003333155225, 
      "cov": [
        [
          1948.0519367035993, 
          -626.4158865535014, 
          177.9650960677459, 
          -705.7279430254041
        ], 
        [
          -626.4158865535014, 
          426.2915178394719, 
          533.577241653299, 
          20.07936771065697
        ], 
        [
          177.9650960677459, 
          533.577241653299, 
          1861.223853865031, 
          -685.514010049777
        ], 
        [
          -705.7279430254041, 
          20.07936771065697, 
          -685.514010049777, 
          510.97460092836735
        ]
      ], 
      "n_events": 25944.0, 
      "mean": [
        -4.810364562826756, 
        4.459221421290398, 
        11.345794765385671, 
        -4.54332383212413
      ]
    }, 
    {
      "max_amplitude": 57.6335563659668, 
      "emittance": 2.598142628525306, 
      "cov": [
        [
          1947.9747239678964, 
          -626.3101765214466, 
          177.80993232225518, 
          -705.5194590012783
        ], 
        [
          -626.3101765214466, 
          426.19978099504937, 
          533.7102036437147, 
          19.93990865229557
        ], 
        [
          177.80993232225518, 
          533.7102036437147, 
          1861.363929794257, 
          -685.5044626475018
        ], 
        [
          -705.5194590012783, 
          19.93990865229557, 
          -685.5044626475018, 
          510.76873720904536
        ]
      ], 
      "n_events": 25939.0, 
      "mean": [
        -4.811655850885612, 
        4.462687402154248, 
        11.350143785020787, 
        -4.54261492495278
      ]
    }, 
    {
      "max_amplitude": 54.405460357666016, 
      "emittance": 2.591429101883079, 
      "cov": [
        [
          1947.4370025314036, 
          -626.2005540490264, 
          177.57951714234636, 
          -705.1905694463053
        ], 
        [
          -626.2005540490264, 
          426.0808299703626, 
          533.8103338203833, 
          19.71671944893159
        ], 
        [
          177.57951714234636, 
          533.8103338203833, 
          1861.2910622443383, 
          -685.6596969907556
        ], 
        [
          -705.1905694463053, 
          19.71671944893159, 
          -685.6596969907556, 
          510.5157070864749
        ]
      ], 
      "n_events": 25924.0, 
      "mean": [
        -4.8177096267915855, 
        4.467603128399522, 
        11.350965763073457, 
        -4.536060371569061
      ]
    }, 
    {
      "max_amplitude": 49.737998962402344, 
      "emittance": 2.581672283617562, 
      "cov": [
        [
          1945.90641446237, 
          -625.3522513733056, 
          177.43160415207055, 
          -704.1351225351245
        ], 
        [
          -625.3522513733056, 
          425.47285392489727, 
          533.970578331982, 
          19.015185215479036
        ], 
        [
          177.43160415207055, 
          533.970578331982, 
          1862.0546860555114, 
          -685.9075932545893
        ], 
        [
          -704.1351225351245, 
          19.015185215479036, 
          -685.9075932545893, 
          509.7826408805224
        ]
      ], 
      "n_events": 25900.0, 
      "mean": [
        -4.854126884114398, 
        4.491293788056657, 
        11.359508588540152, 
        -4.521086738048227
      ]
    }, 
    {
      "max_amplitude": 44.95614242553711, 
      "emittance": 2.569254618401072, 
      "cov": [
        [
          1945.1964804650988, 
          -624.5379682293319, 
          178.04632549343438, 
          -703.749800891853
        ], 
        [
          -624.5379682293319, 
          424.5966479452161, 
          533.4016955115264, 
          18.691638644285973
        ], 
        [
          178.04632549343438, 
          533.4016955115264, 
          1861.055348612933, 
          -685.7440937204873
        ], 
        [
          -703.749800891853, 
          18.691638644285973, 
          -685.7440937204873, 
          509.0841556575757
        ]
      ], 
      "n_events": 25865.0, 
      "mean": [
        -4.891983578113659, 
        4.513948075973962, 
        11.372017689966748, 
        -4.503585973567534
      ]
    }, 
    {
      "max_amplitude": 39.85212707519531, 
      "emittance": 2.5482871304670525, 
      "cov": [
        [
          1940.3708830038554, 
          -622.6186476802707, 
          177.0568049513597, 
          -701.0820973023194
        ], 
        [
          -622.6186476802707, 
          423.2775218588695, 
          533.5196779874784, 
          17.43470530277129
        ], 
        [
          177.0568049513597, 
          533.5196779874784, 
          1860.5787940030045, 
          -685.4307196509947
        ], 
        [
          -701.0820973023194, 
          17.43470530277129, 
          -685.4307196509947, 
          507.35697174121447
        ]
      ], 
      "n_events": 25797.0, 
      "mean": [
        -4.945447420387602, 
        4.552506392084768, 
        11.39535458534318, 
        -4.476272474258913
      ]
    }, 
    {
      "max_amplitude": 34.949119567871094, 
      "emittance": 2.5077115303459703, 
      "cov": [
        [
          1933.1421556849164, 
          -619.9677170544602, 
          175.74867639011788, 
          -697.68734277944
        ], 
        [
          -619.9677170544602, 
          420.91622635774064, 
          531.8177846321737, 
          16.510504640872153
        ], 
        [
          175.74867639011788, 
          531.8177846321737, 
          1852.6882388135002, 
          -682.7642540709226
        ], 
        [
          -697.68734277944, 
          16.510504640872153, 
          -682.7642540709226, 
          504.14195304016556
        ]
      ], 
      "n_events": 25644.0, 
      "mean": [
        -5.048169830253102, 
        4.630838351202523, 
        11.471464449800246, 
        -4.435344007816383
      ]
    }, 
    {
      "max_amplitude": 29.98741340637207, 
      "emittance": 2.4529609631285374, 
      "cov": [
        [
          1919.6833684637033, 
          -615.570175529767, 
          177.79164285327172, 
          -692.418482671513
        ], 
        [
          -615.570175529767, 
          418.08832915257244, 
          529.4405847722211, 
          15.298362921987625
        ], 
        [
          177.79164285327172, 
          529.4405847722211, 
          1844.0411766457098, 
          -680.1563284518409
        ], 
        [
          -692.418482671513, 
          15.298362921987625, 
          -680.1563284518409, 
          499.47951812149694
        ]
      ], 
      "n_events": 25392.0, 
      "mean": [
        -5.1705254386501185, 
        4.704086291613905, 
        11.499516813558134, 
        -4.37514223837838
      ]
    }, 
    {
      "max_amplitude": 24.992107391357422, 
      "emittance": 2.3474874769089698, 
      "cov": [
        [
          1884.6901447987773, 
          -604.5439993649769, 
          177.34935642030788, 
          -679.2150932483318
        ], 
        [
          -604.5439993649769, 
          409.8306932448096, 
          520.4250987212351, 
          13.82593626046391
        ], 
        [
          177.34935642030788, 
          520.4250987212351, 
          1815.0335120452955, 
          -670.6657667233104
        ], 
        [
          -679.2150932483318, 
          13.82593626046391, 
          -670.6657667233104, 
          488.81126059744463
        ]
      ], 
      "n_events": 24787.0, 
      "mean": [
        -5.4335087544412035, 
        4.910203939802623, 
        11.72936380819136, 
        -4.325150164073526
      ]
    }, 
    {
      "max_amplitude": 19.99582862854004, 
      "emittance": 2.1667182371459703, 
      "cov": [
        [
          1816.312808639604, 
          -579.0546523000934, 
          181.8974879087745, 
          -657.6643961694108
        ], 
        [
          -579.0546523000934, 
          390.4549868395901, 
          497.24196465364355, 
          12.607722381533055
        ], 
        [
          181.8974879087745, 
          497.24196465364355, 
          1744.9609173938086, 
          -650.1891583589779
        ], 
        [
          -657.6643961694108, 
          12.607722381533055, 
          -650.1891583589779, 
          471.01108053856234
        ]
      ], 
      "n_events": 23457.0, 
      "mean": [
        -5.99119228960955, 
        5.331648983909742, 
        12.171571547287629, 
        -4.244534102321309
      ]
    }, 
    {
      "max_amplitude": 14.998177528381348, 
      "emittance": 1.8642335605302518, 
      "cov": [
        [
          1679.0680089179777, 
          -526.7629318220119, 
          195.91311619402072, 
          -617.2860279488989
        ], 
        [
          -526.7629318220119, 
          347.1859789867498, 
          435.0658322505616, 
          16.909213711867366
        ], 
        [
          195.91311619402072, 
          435.0658322505616, 
          1568.827530079068, 
          -596.4068188272864
        ], 
        [
          -617.2860279488989, 
          16.909213711867366, 
          -596.4068188272864, 
          433.71741255082685
        ]
      ], 
      "n_events": 20509.0, 
      "mean": [
        -6.762533027833377, 
        6.245750267933539, 
        13.811808211323944, 
        -4.505964507609957
      ]
    }, 
    {
      "max_amplitude": 9.999982833862305, 
      "emittance": 1.4062095229731089, 
      "cov": [
        [
          1396.4683277554705, 
          -436.2826747112067, 
          173.53612946676117, 
          -518.4886096305517
        ], 
        [
          -436.2826747112067, 
          279.2264187303084, 
          339.681173889884, 
          20.80754021826533
        ], 
        [
          173.53612946676117, 
          339.681173889884, 
          1244.4466126602997, 
          -481.9608636677498
        ], 
        [
          -518.4886096305517, 
          20.80754021826533, 
          -481.9608636677498, 
          355.63617231848576
        ]
      ], 
      "n_events": 14724.0, 
      "mean": [
        -7.6407343031546775, 
        7.443086146262837, 
        16.366991996816456, 
        -5.018671371835473
      ]
    }, 
    {
      "max_amplitude": 5.0, 
      "emittance": 0.7752937247059243, 
      "cov": [
        [
          794.9688174396406, 
          -247.35349509935543, 
          98.71775941130403, 
          -295.49575127290046
        ], 
        [
          -247.35349509935543, 
          156.8824863933436, 
          190.06993325686813, 
          12.261071065293912
        ], 
        [
          98.71775941130403, 
          190.06993325686813, 
          698.8470922644906, 
          -272.3438678977633
        ], 
        [
          -295.49575127290046, 
          12.261071065293912, 
          -272.3438678977633, 
          201.67362823706668
        ]
      ], 
      "n_events": 5872.0, 
      "mean": [
        -7.053732086496321, 
        7.792516298766513, 
        18.09349405173061, 
        -5.629610368894363
      ]
    }, 
    {
      "max_amplitude": 0.0, 
      "emittance": 0.7752937247059243, 
      "cov": [
        [
          1663.0077742550277, 
          -457.81212721166423, 
          434.21586435820905, 
          -700.9098747640004
        ], 
        [
          -457.81212721166423, 
          180.26037346082398, 
          21.177788916251075, 
          136.46304299041438
        ], 
        [
          434.21586435820905, 
          21.177788916251075, 
          548.0928440836456, 
          -339.7639717209188
        ], 
        [
          -700.9098747640004, 
          136.46304299041438, 
          -339.7639717209188, 
          361.5496564525985
        ]
      ], 
      "n_events": 100.0, 
      "mean": [
        -23.568452778086435, 
        23.975031668489603, 
        49.07503220953231, 
        -10.780024511391726
      ]
    }
  ]
]
