[
  [
    {
      "max_amplitude": 100.0, 
      "emittance": 2.6448222721536134, 
      "cov": [
        [
          1986.9141446859203, 
          -634.0075309966252, 
          184.55471687109906, 
          -720.8434445447053
        ], 
        [
          -634.0075309966252, 
          427.97026986684045, 
          533.3583047972254, 
          21.922496530704414
        ], 
        [
          184.55471687109906, 
          533.3583047972254, 
          1868.9842957306669, 
          -693.3074426697998
        ], 
        [
          -720.8434445447053, 
          21.922496530704414, 
          -693.3074426697998, 
          520.7544331785231
        ]
      ], 
      "n_events": 26783.0, 
      "mean": [
        -4.252994817020543, 
        4.3168635250127245, 
        11.709027213204102, 
        -4.915085161753521
      ]
    }, 
    {
      "max_amplitude": 99.54167175292969, 
      "emittance": 2.6229198609644078, 
      "cov": [
        [
          1986.5753853720498, 
          -634.2947150864734, 
          185.42936969375722, 
          -720.7657342182276
        ], 
        [
          -634.2947150864734, 
          427.8760972925568, 
          533.4208436478824, 
          21.851985822219465
        ], 
        [
          185.42936969375722, 
          533.4208436478824, 
          1867.5282357271951, 
          -694.0331570403416
        ], 
        [
          -720.7657342182276, 
          21.851985822219465, 
          -694.0331570403416, 
          520.5789764726262
        ]
      ], 
      "n_events": 26771.0, 
      "mean": [
        -4.259387075228899, 
        4.315701164003243, 
        11.71366076305307, 
        -4.913667398787403
      ]
    }, 
    {
      "max_amplitude": 94.97916412353516, 
      "emittance": 2.6229198609644078, 
      "cov": [
        [
          1986.5753853720498, 
          -634.2947150864734, 
          185.42936969375722, 
          -720.7657342182276
        ], 
        [
          -634.2947150864734, 
          427.8760972925568, 
          533.4208436478824, 
          21.851985822219465
        ], 
        [
          185.42936969375722, 
          533.4208436478824, 
          1867.5282357271951, 
          -694.0331570403416
        ], 
        [
          -720.7657342182276, 
          21.851985822219465, 
          -694.0331570403416, 
          520.5789764726262
        ]
      ], 
      "n_events": 26771.0, 
      "mean": [
        -4.259387075228899, 
        4.315701164003243, 
        11.71366076305307, 
        -4.913667398787403
      ]
    }, 
    {
      "max_amplitude": 89.82701873779297, 
      "emittance": 2.6206234177291217, 
      "cov": [
        [
          1986.7477844362281, 
          -634.307472544862, 
          185.56836895309482, 
          -720.8437385292733
        ], 
        [
          -634.307472544862, 
          427.74729360505745, 
          533.2403570733201, 
          21.847660283612708
        ], 
        [
          185.56836895309482, 
          533.2403570733201, 
          1866.99956414444, 
          -694.0502441524166
        ], 
        [
          -720.8437385292733, 
          21.847660283612708, 
          -694.0502441524166, 
          520.6233070843411
        ]
      ], 
      "n_events": 26768.0, 
      "mean": [
        -4.259057836733152, 
        4.317770364206609, 
        11.719658739337106, 
        -4.914473462880601
      ]
    }, 
    {
      "max_amplitude": 84.49267578125, 
      "emittance": 2.619182622046477, 
      "cov": [
        [
          1986.3151960802395, 
          -634.285139874401, 
          185.41703020799417, 
          -720.5970609316221
        ], 
        [
          -634.285139874401, 
          427.6720680650099, 
          533.2180039382949, 
          21.820256610197
        ], 
        [
          185.41703020799417, 
          533.2180039382949, 
          1867.024015087084, 
          -694.010817570367
        ], 
        [
          -720.5970609316221, 
          21.820256610197, 
          -694.010817570367, 
          520.5062559094781
        ]
      ], 
      "n_events": 26766.0, 
      "mean": [
        -4.256647677637619, 
        4.320010009241722, 
        11.722443089360695, 
        -4.915900046393797
      ]
    }, 
    {
      "max_amplitude": 75.02142333984375, 
      "emittance": 2.618500340014564, 
      "cov": [
        [
          1986.3370196474807, 
          -634.3293213435463, 
          185.42985910480473, 
          -720.5746409896026
        ], 
        [
          -634.3293213435463, 
          427.68003833494276, 
          533.240233334786, 
          21.840363971901827
        ], 
        [
          185.42985910480473, 
          533.240233334786, 
          1867.0931063466855, 
          -694.0423053529543
        ], 
        [
          -720.5746409896026, 
          21.840363971901827, 
          -694.0423053529543, 
          520.4792293958335
        ]
      ], 
      "n_events": 26765.0, 
      "mean": [
        -4.258046699166775, 
        4.319463030383683, 
        11.72260069279709, 
        -4.9145823912754585
      ]
    }, 
    {
      "max_amplitude": 72.49207305908203, 
      "emittance": 2.616603947245175, 
      "cov": [
        [
          1986.3316718038773, 
          -634.1740214776077, 
          185.529451481495, 
          -720.5204399007825
        ], 
        [
          -634.1740214776077, 
          427.50000769883115, 
          533.2137148498093, 
          21.714345977915762
        ], 
        [
          185.529451481495, 
          533.2137148498093, 
          1867.2530683270134, 
          -694.1497634136107
        ], 
        [
          -720.5204399007825, 
          21.714345977915762, 
          -694.1497634136107, 
          520.4429294346825
        ]
      ], 
      "n_events": 26762.0, 
      "mean": [
        -4.263056899558421, 
        4.3244077131497605, 
        11.724202724918541, 
        -4.91147141496608
      ]
    }, 
    {
      "max_amplitude": 68.9333724975586, 
      "emittance": 2.6131565609091583, 
      "cov": [
        [
          1985.921940262157, 
          -634.0642905363201, 
          185.39205551189002, 
          -720.387553517215
        ], 
        [
          -634.0642905363201, 
          427.3933159009453, 
          533.2550019886722, 
          21.593637572676545
        ], 
        [
          185.39205551189002, 
          533.2550019886722, 
          1867.2109831433809, 
          -694.2116212098156
        ], 
        [
          -720.387553517215, 
          21.593637572676545, 
          -694.2116212098156, 
          520.3768220396105
        ]
      ], 
      "n_events": 26756.0, 
      "mean": [
        -4.260851101395974, 
        4.3258189005874685, 
        11.729887274468256, 
        -4.912855682133303
      ]
    }, 
    {
      "max_amplitude": 64.84737396240234, 
      "emittance": 2.6089005905659564, 
      "cov": [
        [
          1985.6893814796322, 
          -633.7976507230745, 
          185.42304539331212, 
          -720.1259614108318
        ], 
        [
          -633.7976507230745, 
          427.04363816951, 
          533.1969970391522, 
          21.362287433151955
        ], 
        [
          185.42304539331212, 
          533.1969970391522, 
          1867.5032135277877, 
          -694.3927283917374
        ], 
        [
          -720.1259614108318, 
          21.362287433151955, 
          -694.3927283917374, 
          520.2227235960797
        ]
      ], 
      "n_events": 26748.0, 
      "mean": [
        -4.270226923127322, 
        4.337379345534625, 
        11.73595396192021, 
        -4.907771612789584
      ]
    }, 
    {
      "max_amplitude": 58.23462677001953, 
      "emittance": 2.605950329897927, 
      "cov": [
        [
          1985.5337728921425, 
          -633.6658850503173, 
          185.6276785568293, 
          -720.0325237692203
        ], 
        [
          -633.6658850503173, 
          426.84346808118727, 
          533.0674417289478, 
          21.278663123770773
        ], 
        [
          185.6276785568293, 
          533.0674417289478, 
          1867.508721849034, 
          -694.4787832869362
        ], 
        [
          -720.0325237692203, 
          21.278663123770773, 
          -694.4787832869362, 
          520.1274856663166
        ]
      ], 
      "n_events": 26742.0, 
      "mean": [
        -4.280518438750719, 
        4.344365801628906, 
        11.741895999384656, 
        -4.903820607313167
      ]
    }, 
    {
      "max_amplitude": 54.991188049316406, 
      "emittance": 2.598100997443925, 
      "cov": [
        [
          1984.780480829494, 
          -633.4915515117591, 
          185.23212726672256, 
          -719.5917567298942
        ], 
        [
          -633.4915515117591, 
          426.693399460282, 
          533.1639740443912, 
          21.001492259914748
        ], 
        [
          185.23212726672256, 
          533.1639740443912, 
          1867.3111954014698, 
          -694.6098269965082
        ], 
        [
          -719.5917567298942, 
          21.001492259914748, 
          -694.6098269965082, 
          519.7793178155445
        ]
      ], 
      "n_events": 26724.0, 
      "mean": [
        -4.286832387172856, 
        4.350359610393143, 
        11.737051544115257, 
        -4.8961093564558436
      ]
    }, 
    {
      "max_amplitude": 49.91242599487305, 
      "emittance": 2.587803284449769, 
      "cov": [
        [
          1983.2822905092155, 
          -633.0279163206178, 
          184.84802388779514, 
          -718.9543554728261
        ], 
        [
          -633.0279163206178, 
          426.20853942540475, 
          533.2572272188, 
          20.559186910588924
        ], 
        [
          184.84802388779514, 
          533.2572272188, 
          1867.884364214435, 
          -694.8688376372144
        ], 
        [
          -718.9543554728261, 
          20.559186910588924, 
          -694.8688376372144, 
          519.4637708036336
        ]
      ], 
      "n_events": 26698.0, 
      "mean": [
        -4.301651729274503, 
        4.365094425137085, 
        11.742869048692006, 
        -4.884947822141349
      ]
    }, 
    {
      "max_amplitude": 44.981353759765625, 
      "emittance": 2.573597739927237, 
      "cov": [
        [
          1982.3565654653905, 
          -632.6659791140373, 
          184.44717398802572, 
          -718.3098248838104
        ], 
        [
          -632.6659791140373, 
          425.6179661754763, 
          532.9574081196332, 
          20.394370569760554
        ], 
        [
          184.44717398802572, 
          532.9574081196332, 
          1866.9380875862496, 
          -694.3176481274329
        ], 
        [
          -718.3098248838104, 
          20.394370569760554, 
          -694.3176481274329, 
          518.4444801495661
        ]
      ], 
      "n_events": 26657.0, 
      "mean": [
        -4.337262154908493, 
        4.383524161629266, 
        11.744783811940591, 
        -4.869604045312765
      ]
    }, 
    {
      "max_amplitude": 39.96835708618164, 
      "emittance": 2.5521294826396983, 
      "cov": [
        [
          1978.604458948225, 
          -631.3800947352507, 
          183.35324144166987, 
          -716.1069422977147
        ], 
        [
          -631.3800947352507, 
          424.51327543220617, 
          532.6529743133087, 
          19.43687171306141
        ], 
        [
          183.35324144166987, 
          532.6529743133087, 
          1865.1762338152855, 
          -693.9084164053589
        ], 
        [
          -716.1069422977147, 
          19.43687171306141, 
          -693.9084164053589, 
          516.9025366471651
        ]
      ], 
      "n_events": 26586.0, 
      "mean": [
        -4.370706637768514, 
        4.423156224456813, 
        11.785308370694707, 
        -4.8464278291216365
      ]
    }, 
    {
      "max_amplitude": 34.942195892333984, 
      "emittance": 2.5142022396862203, 
      "cov": [
        [
          1972.570234080323, 
          -629.0664487612362, 
          182.53762385573262, 
          -713.3212180796056
        ], 
        [
          -629.0664487612362, 
          422.79940926770166, 
          531.643691962422, 
          18.467238263282503
        ], 
        [
          182.53762385573262, 
          531.643691962422, 
          1858.8115957470864, 
          -691.7231953841282
        ], 
        [
          -713.3212180796056, 
          18.467238263282503, 
          -691.7231953841282, 
          513.9234969031689
        ]
      ], 
      "n_events": 26437.0, 
      "mean": [
        -4.466797765611548, 
        4.473965484788958, 
        11.808802645463942, 
        -4.787458433587673
      ]
    }, 
    {
      "max_amplitude": 29.992137908935547, 
      "emittance": 2.4594780436970187, 
      "cov": [
        [
          1959.5917069898296, 
          -625.0689156372458, 
          182.036208165367, 
          -707.5056490185501
        ], 
        [
          -625.0689156372458, 
          419.57098111221893, 
          528.3218881004224, 
          17.492746495510037
        ], 
        [
          182.036208165367, 
          528.3218881004224, 
          1845.9729010658307, 
          -687.5846739354915
        ], 
        [
          -707.5056490185501, 
          17.492746495510037, 
          -687.5846739354915, 
          508.8058750209707
        ]
      ], 
      "n_events": 26177.0, 
      "mean": [
        -4.5502596328095875, 
        4.554698098367337, 
        11.895389235581732, 
        -4.758596439741367
      ]
    }, 
    {
      "max_amplitude": 24.999887466430664, 
      "emittance": 2.3577436696432033, 
      "cov": [
        [
          1925.4291604530877, 
          -615.4777740482971, 
          178.2529365271795, 
          -694.0702070272258
        ], 
        [
          -615.4777740482971, 
          412.7447386203351, 
          521.652250602595, 
          16.008220331453103
        ], 
        [
          178.2529365271795, 
          521.652250602595, 
          1818.7980415781967, 
          -677.6952082558483
        ], 
        [
          -694.0702070272258, 
          16.008220331453103, 
          -677.6952082558483, 
          498.32578087008335
        ]
      ], 
      "n_events": 25577.0, 
      "mean": [
        -4.780832279777069, 
        4.739931955224366, 
        12.096738202753762, 
        -4.706062338454766
      ]
    }, 
    {
      "max_amplitude": 19.99655532836914, 
      "emittance": 2.1740406995689057, 
      "cov": [
        [
          1854.5062587863413, 
          -591.461029063996, 
          175.19801514251782, 
          -669.1482872658044
        ], 
        [
          -591.461029063996, 
          394.90099780284964, 
          500.5430310052868, 
          14.72432834015464
        ], 
        [
          175.19801514251782, 
          500.5430310052868, 
          1745.6678663645832, 
          -652.7126048288944
        ], 
        [
          -669.1482872658044, 
          14.72432834015464, 
          -652.7126048288944, 
          477.29370749906644
        ]
      ], 
      "n_events": 24175.0, 
      "mean": [
        -5.242065775859097, 
        5.148352375962486, 
        12.707148805031208, 
        -4.699098613714813
      ]
    }, 
    {
      "max_amplitude": 14.99882984161377, 
      "emittance": 1.8659770470647412, 
      "cov": [
        [
          1711.243120205993, 
          -535.4970126347002, 
          188.8716334448685, 
          -626.7851758055535
        ], 
        [
          -535.4970126347002, 
          350.75125195296255, 
          440.59085648886645, 
          16.638061509045194
        ], 
        [
          188.8716334448685, 
          440.59085648886645, 
          1571.8802796740042, 
          -600.8442677780512
        ], 
        [
          -626.7851758055535, 
          16.638061509045194, 
          -600.8442677780512, 
          440.5114698628336
        ]
      ], 
      "n_events": 21071.0, 
      "mean": [
        -5.961763562874006, 
        6.092201570388199, 
        14.53475680278006, 
        -5.004843635616955
      ]
    }, 
    {
      "max_amplitude": 9.999648094177246, 
      "emittance": 1.399942000107059, 
      "cov": [
        [
          1400.354378085594, 
          -434.8807023813042, 
          163.05851278648973, 
          -516.3514251504035
        ], 
        [
          -434.8807023813042, 
          279.04926467807024, 
          345.1014882033493, 
          17.807034803129078
        ], 
        [
          163.05851278648973, 
          345.1014882033493, 
          1241.5791508753848, 
          -481.4539989713878
        ], 
        [
          -516.3514251504035, 
          17.807034803129078, 
          -481.4539989713878, 
          355.5681303859261
        ]
      ], 
      "n_events": 15057.0, 
      "mean": [
        -6.645957912003224, 
        7.259376375442587, 
        17.106851014918234, 
        -5.630773871742873
      ]
    }, 
    {
      "max_amplitude": 5.0, 
      "emittance": 0.7662009613797071, 
      "cov": [
        [
          809.6950719051931, 
          -245.40987160301893, 
          106.2175432206659, 
          -303.1887842506239
        ], 
        [
          -245.40987160301893, 
          154.32663749308412, 
          189.62981791628152, 
          11.098325321928542
        ], 
        [
          106.2175432206659, 
          189.62981791628152, 
          702.3690961576414, 
          -278.9376710492009
        ], 
        [
          -303.1887842506239, 
          11.098325321928542, 
          -278.9376710492009, 
          207.35621970628426
        ]
      ], 
      "n_events": 6053.0, 
      "mean": [
        -6.419458752568755, 
        7.745943007157757, 
        18.480900666163727, 
        -6.073171007659737
      ]
    }, 
    {
      "max_amplitude": 0.0, 
      "emittance": 0.7662009613797071, 
      "cov": [
        [
          1994.809981019297, 
          -488.25339572077735, 
          574.8390158069822, 
          -872.6658302372817
        ], 
        [
          -488.25339572077735, 
          202.4781016505097, 
          93.32969407722237, 
          129.66756994245063
        ], 
        [
          574.8390158069822, 
          93.32969407722237, 
          891.5139724638279, 
          -496.1102195385606
        ], 
        [
          -872.6658302372817, 
          129.66756994245063, 
          -496.1102195385606, 
          474.02212113057607
        ]
      ], 
      "n_events": 100.0, 
      "mean": [
        -18.49387392473931, 
        20.079062270659016, 
        42.86352403676288, 
        -10.878141473789087
      ]
    }
  ], 
  [
    {
      "max_amplitude": 341.4774475097656, 
      "emittance": 2.6453540642134907, 
      "cov": [
        [
          1961.284311704562, 
          -633.7494447476828, 
          165.2779005968153, 
          -706.3947459568966
        ], 
        [
          -633.7494447476828, 
          432.01146047216645, 
          543.9826102241796, 
          18.467217790654743
        ], 
        [
          165.2779005968153, 
          543.9826102241796, 
          1885.9549286971571, 
          -692.4999991057949
        ], 
        [
          -706.3947459568966, 
          18.467217790654743, 
          -692.4999991057949, 
          515.5308245760472
        ]
      ], 
      "n_events": 26673.0, 
      "mean": [
        -4.441795333599455, 
        4.347307096120554, 
        11.345825443966948, 
        -4.6224914955488074
      ]
    }, 
    {
      "max_amplitude": 100.0, 
      "emittance": 2.6145809619236755, 
      "cov": [
        [
          1960.404791877009, 
          -634.7803482456288, 
          165.0618986018049, 
          -706.0187758438204
        ], 
        [
          -634.7803482456288, 
          431.6392250384604, 
          543.9676878432908, 
          18.846636936659433
        ], 
        [
          165.0618986018049, 
          543.9676878432908, 
          1885.2723547493608, 
          -692.7510556877281
        ], 
        [
          -706.0187758438204, 
          18.846636936659433, 
          -692.7510556877281, 
          515.0853962834029
        ]
      ], 
      "n_events": 26654.0, 
      "mean": [
        -4.435329997111314, 
        4.343686819619746, 
        11.348934151740982, 
        -4.6308159196546335
      ]
    }, 
    {
      "max_amplitude": 94.25983428955078, 
      "emittance": 2.613781095768932, 
      "cov": [
        [
          1960.4416562138158, 
          -634.7219338370501, 
          165.18826488870786, 
          -706.054990053811
        ], 
        [
          -634.7219338370501, 
          431.4711137875796, 
          543.718749858876, 
          18.86914073351566
        ], 
        [
          165.18826488870786, 
          543.718749858876, 
          1884.949461153691, 
          -692.7451931838506
        ], 
        [
          -706.054990053811, 
          18.86914073351566, 
          -692.7451931838506, 
          515.1021441128074
        ]
      ], 
      "n_events": 26653.0, 
      "mean": [
        -4.436503213204846, 
        4.3463163694409355, 
        11.3527770166568, 
        -4.631126904994414
      ]
    }, 
    {
      "max_amplitude": 85.8507080078125, 
      "emittance": 2.6122360063520147, 
      "cov": [
        [
          1960.2185892526995, 
          -634.7611887430614, 
          164.9951305923358, 
          -706.0846528324072
        ], 
        [
          -634.7611887430614, 
          431.4962317326668, 
          543.732359303373, 
          18.885866952036267
        ], 
        [
          164.9951305923358, 
          543.732359303373, 
          1884.8334067708731, 
          -692.7129121430506
        ], 
        [
          -706.0846528324072, 
          18.885866952036267, 
          -692.7129121430506, 
          515.1038595471974
        ]
      ], 
      "n_events": 26651.0, 
      "mean": [
        -4.435391102946203, 
        4.347003260235871, 
        11.356600861977494, 
        -4.632791676248668
      ]
    }, 
    {
      "max_amplitude": 83.44879150390625, 
      "emittance": 2.6107944576604663, 
      "cov": [
        [
          1960.2581250551966, 
          -634.7109941102862, 
          165.13922211727578, 
          -706.1260836621819
        ], 
        [
          -634.7109941102862, 
          431.4124616562317, 
          543.7060799074371, 
          18.858955659865924
        ], 
        [
          165.13922211727578, 
          543.7060799074371, 
          1884.7114709711373, 
          -692.7445199030607
        ], 
        [
          -706.1260836621819, 
          18.858955659865924, 
          -692.7445199030607, 
          515.1295995366896
        ]
      ], 
      "n_events": 26649.0, 
      "mean": [
        -4.438150416633401, 
        4.34917205316864, 
        11.360639310133084, 
        -4.632718375853739
      ]
    }, 
    {
      "max_amplitude": 79.40821075439453, 
      "emittance": 2.608066460647157, 
      "cov": [
        [
          1959.8607928718993, 
          -634.5578136422984, 
          165.22011919673105, 
          -706.0859675366335
        ], 
        [
          -634.5578136422984, 
          431.27412318044276, 
          543.6061589664201, 
          18.78388534985914
        ], 
        [
          165.22011919673105, 
          543.6061589664201, 
          1884.5982361420604, 
          -692.7779764827316
        ], 
        [
          -706.0859675366335, 
          18.78388534985914, 
          -692.7779764827316, 
          515.0782442054245
        ]
      ], 
      "n_events": 26645.0, 
      "mean": [
        -4.444066145701201, 
        4.3505264345892245, 
        11.361243312207549, 
        -4.633242528966191
      ]
    }, 
    {
      "max_amplitude": 73.24117279052734, 
      "emittance": 2.607454943864383, 
      "cov": [
        [
          1959.832196806099, 
          -634.4800496662003, 
          165.2604876794292, 
          -706.0727104577333
        ], 
        [
          -634.4800496662003, 
          431.1892995914058, 
          543.5925858135312, 
          18.745055612236495
        ], 
        [
          165.2604876794292, 
          543.5925858135312, 
          1884.6575404985442, 
          -692.8172755559932
        ], 
        [
          -706.0727104577333, 
          18.745055612236495, 
          -692.8172755559932, 
          515.0821023697476
        ]
      ], 
      "n_events": 26644.0, 
      "mean": [
        -4.446024141115371, 
        4.352473442645273, 
        11.361898219856087, 
        -4.632480490367875
      ]
    }, 
    {
      "max_amplitude": 69.35831451416016, 
      "emittance": 2.605129990056508, 
      "cov": [
        [
          1959.3074284344211, 
          -634.4489485219269, 
          164.97241399064148, 
          -705.8187562361061
        ], 
        [
          -634.4489485219269, 
          431.1582626470896, 
          543.7050296946034, 
          18.700539711427737
        ], 
        [
          164.97241399064148, 
          543.7050296946034, 
          1884.8065330092702, 
          -692.8053510305808
        ], 
        [
          -705.8187562361061, 
          18.700539711427737, 
          -692.8053510305808, 
          514.9421639352819
        ]
      ], 
      "n_events": 26640.0, 
      "mean": [
        -4.439165316300025, 
        4.351988924126065, 
        11.365550195216294, 
        -4.633788818495864
      ]
    }, 
    {
      "max_amplitude": 64.61087799072266, 
      "emittance": 2.6024875973751747, 
      "cov": [
        [
          1959.2102807831836, 
          -634.1712436357057, 
          165.14311447500626, 
          -705.7083772720746
        ], 
        [
          -634.1712436357057, 
          430.8901704156642, 
          543.6747370969643, 
          18.508893973196923
        ], 
        [
          165.14311447500626, 
          543.6747370969643, 
          1885.0601157422286, 
          -692.9686840801407
        ], 
        [
          -705.7083772720746, 
          18.508893973196923, 
          -692.9686840801407, 
          514.866556370479
        ]
      ], 
      "n_events": 26635.0, 
      "mean": [
        -4.448011523912965, 
        4.359565486579368, 
        11.367530562143694, 
        -4.628435465692257
      ]
    }, 
    {
      "max_amplitude": 59.89643478393555, 
      "emittance": 2.598576802745464, 
      "cov": [
        [
          1958.678100468999, 
          -634.0694072320185, 
          164.62557606039996, 
          -705.3651615362735
        ], 
        [
          -634.0694072320185, 
          430.7987022676835, 
          543.7381473173838, 
          18.391256363524295
        ], 
        [
          164.62557606039996, 
          543.7381473173838, 
          1884.5366680552038, 
          -692.8264649821618
        ], 
        [
          -705.3651615362735, 
          18.391256363524295, 
          -692.8264649821618, 
          514.6160904747343
        ]
      ], 
      "n_events": 26627.0, 
      "mean": [
        -4.455973444860587, 
        4.361980261476037, 
        11.362101483436753, 
        -4.6251038965826705
      ]
    }, 
    {
      "max_amplitude": 54.9650993347168, 
      "emittance": 2.5963724153311873, 
      "cov": [
        [
          1958.8115425360327, 
          -633.9758927664666, 
          164.99828730972763, 
          -705.489285546686
        ], 
        [
          -633.9758927664666, 
          430.6345104147097, 
          543.5037173037246, 
          18.396834088483285
        ], 
        [
          164.99828730972763, 
          543.5037173037246, 
          1884.0427815943485, 
          -692.9492093306708
        ], 
        [
          -705.489285546686, 
          18.396834088483285, 
          -692.9492093306708, 
          514.6750844386592
        ]
      ], 
      "n_events": 26622.0, 
      "mean": [
        -4.459751031138771, 
        4.3644899881286845, 
        11.371069651262145, 
        -4.623581865167168
      ]
    }, 
    {
      "max_amplitude": 49.68137741088867, 
      "emittance": 2.5861247048616502, 
      "cov": [
        [
          1957.8957331630363, 
          -632.8816991637065, 
          165.64430280580774, 
          -704.692655121882
        ], 
        [
          -632.8816991637065, 
          429.86002661794987, 
          543.5715796618694, 
          17.689033839211532
        ], 
        [
          165.64430280580774, 
          543.5715796618694, 
          1884.8659354126276, 
          -693.2645168908817
        ], 
        [
          -704.692655121882, 
          17.689033839211532, 
          -693.2645168908817, 
          513.8814567931776
        ]
      ], 
      "n_events": 26596.0, 
      "mean": [
        -4.489463994235216, 
        4.388306967365403, 
        11.38083314169897, 
        -4.610703145156067
      ]
    }, 
    {
      "max_amplitude": 44.90461349487305, 
      "emittance": 2.5761133523292057, 
      "cov": [
        [
          1956.9014177286483, 
          -632.16563113355, 
          166.50179937436027, 
          -704.2352634555061
        ], 
        [
          -632.16563113355, 
          429.30164740246045, 
          543.1426594087604, 
          17.413026736207634
        ], 
        [
          166.50179937436027, 
          543.1426594087604, 
          1883.9943813747989, 
          -693.1943834727547
        ], 
        [
          -704.2352634555061, 
          17.413026736207634, 
          -693.1943834727547, 
          513.1857283558958
        ]
      ], 
      "n_events": 26567.0, 
      "mean": [
        -4.5192100521883845, 
        4.40850321079804, 
        11.397914681480412, 
        -4.5994599550338275
      ]
    }, 
    {
      "max_amplitude": 39.982521057128906, 
      "emittance": 2.551743438367889, 
      "cov": [
        [
          1952.2950436766953, 
          -629.9340263358043, 
          167.3076583459548, 
          -702.2791636291456
        ], 
        [
          -629.9340263358043, 
          427.4875447138012, 
          542.4353602516294, 
          16.375326715282885
        ], 
        [
          167.3076583459548, 
          542.4353602516294, 
          1882.9137318485414, 
          -693.3798805467418
        ], 
        [
          -702.2791636291456, 
          16.375326715282885, 
          -693.3798805467418, 
          511.91200845298937
        ]
      ], 
      "n_events": 26486.0, 
      "mean": [
        -4.576722970543512, 
        4.447226102516165, 
        11.400656835661113, 
        -4.572001750009498
      ]
    }, 
    {
      "max_amplitude": 34.996490478515625, 
      "emittance": 2.513700819919717, 
      "cov": [
        [
          1946.3956989424348, 
          -627.3489267868069, 
          167.4898474197108, 
          -699.6314028063655
        ], 
        [
          -627.3489267868069, 
          425.2709569617937, 
          540.7530318402281, 
          15.691531620272505
        ], 
        [
          167.4898474197108, 
          540.7530318402281, 
          1876.1151906589678, 
          -691.0412035500763
        ], 
        [
          -699.6314028063655, 
          15.691531620272505, 
          -691.0412035500763, 
          508.8336041524818
        ]
      ], 
      "n_events": 26338.0, 
      "mean": [
        -4.621340399198011, 
        4.515109340554916, 
        11.511166494704394, 
        -4.563017626504148
      ]
    }, 
    {
      "max_amplitude": 29.999658584594727, 
      "emittance": 2.4610560564700954, 
      "cov": [
        [
          1934.3534082607846, 
          -623.1701082775841, 
          167.71142476609998, 
          -694.7426343910378
        ], 
        [
          -623.1701082775841, 
          421.86719765630676, 
          537.6147079102291, 
          14.76002084646662
        ], 
        [
          167.71142476609998, 
          537.6147079102291, 
          1864.8185698051443, 
          -687.4427742596032
        ], 
        [
          -694.7426343910378, 
          14.76002084646662, 
          -687.4427742596032, 
          504.4144418978023
        ]
      ], 
      "n_events": 26089.0, 
      "mean": [
        -4.7294469797632885, 
        4.594718250801617, 
        11.604828746414027, 
        -4.53371691647515
      ]
    }, 
    {
      "max_amplitude": 24.99916648864746, 
      "emittance": 2.352758861768807, 
      "cov": [
        [
          1900.6633208870646, 
          -613.1329580438486, 
          162.85774152973198, 
          -681.6198167716601
        ], 
        [
          -613.1329580438486, 
          414.08698999514013, 
          530.6465853927425, 
          13.183820741727613
        ], 
        [
          162.85774152973198, 
          530.6465853927425, 
          1838.7863971999122, 
          -677.721646654131
        ], 
        [
          -681.6198167716601, 
          13.183820741727613, 
          -677.721646654131, 
          493.99986999413693
        ]
      ], 
      "n_events": 25453.0, 
      "mean": [
        -4.973105583277076, 
        4.764426815514196, 
        11.738382805774146, 
        -4.4454974024259455
      ]
    }, 
    {
      "max_amplitude": 19.9998722076416, 
      "emittance": 2.17467567025016, 
      "cov": [
        [
          1837.1822661838542, 
          -587.805511630399, 
          169.36189303530844, 
          -662.6442568666885
        ], 
        [
          -587.805511630399, 
          394.4539256896171, 
          508.2363527360653, 
          12.23486927943217
        ], 
        [
          169.36189303530844, 
          508.2363527360653, 
          1777.3848623804909, 
          -660.1481983466458
        ], 
        [
          -662.6442568666885, 
          12.23486927943217, 
          -660.1481983466458, 
          477.50768949488423
        ]
      ], 
      "n_events": 24101.0, 
      "mean": [
        -5.445283760619926, 
        5.123967684937995, 
        12.149712414196184, 
        -4.367314668757439
      ]
    }, 
    {
      "max_amplitude": 14.999775886535645, 
      "emittance": 1.878235089280763, 
      "cov": [
        [
          1699.5843233906492, 
          -538.8144839443531, 
          185.38289068375246, 
          -622.9396454831883
        ], 
        [
          -538.8144839443531, 
          354.7639801960529, 
          446.5915390328374, 
          17.611697864115776
        ], 
        [
          185.38289068375246, 
          446.5915390328374, 
          1599.5724808640762, 
          -606.4132436506865
        ], 
        [
          -622.9396454831883, 
          17.611697864115776, 
          -606.4132436506865, 
          440.47326064008314
        ]
      ], 
      "n_events": 21124.0, 
      "mean": [
        -6.04162647006262, 
        5.903949879488761, 
        13.579666040114871, 
        -4.632631724458127
      ]
    }, 
    {
      "max_amplitude": 9.999521255493164, 
      "emittance": 1.4112002932979504, 
      "cov": [
        [
          1398.4106969094983, 
          -438.209016279099, 
          176.5843815459593, 
          -522.6537617337224
        ], 
        [
          -438.209016279099, 
          282.1456624306293, 
          346.9956342522638, 
          19.780122353592603
        ], 
        [
          176.5843815459593, 
          346.9956342522638, 
          1277.4845595055779, 
          -496.74978338672895
        ], 
        [
          -522.6537617337224, 
          19.780122353592603, 
          -496.74978338672895, 
          363.12841094234216
        ]
      ], 
      "n_events": 15044.0, 
      "mean": [
        -7.040574157756701, 
        7.269892674813092, 
        16.449504989872555, 
        -5.169312405612973
      ]
    }, 
    {
      "max_amplitude": 5.0, 
      "emittance": 0.7767724576806769, 
      "cov": [
        [
          789.6881567112049, 
          -249.45359055602648, 
          93.77575980517986, 
          -292.59711801317553
        ], 
        [
          -249.45359055602648, 
          162.8669876693945, 
          204.12965796038955, 
          8.90766347632799
        ], 
        [
          93.77575980517986, 
          204.12965796038955, 
          736.1315198210625, 
          -284.6073948263411
        ], 
        [
          -292.59711801317553, 
          8.90766347632799, 
          -284.6073948263411, 
          204.64078502819007
        ]
      ], 
      "n_events": 5966.0, 
      "mean": [
        -6.779045404465951, 
        7.762119653369306, 
        18.455973500872993, 
        -5.759048534704575
      ]
    }, 
    {
      "max_amplitude": 0.0, 
      "emittance": 0.7767724576806769, 
      "cov": [
        [
          1881.653773424878, 
          -534.6461467673909, 
          444.80542079972196, 
          -788.2887662120185
        ], 
        [
          -534.6461467673909, 
          203.0199398139926, 
          2.405694108773446, 
          173.78266242069026
        ], 
        [
          444.80542079972196, 
          2.405694108773446, 
          506.0920437861223, 
          -330.4100929305498
        ], 
        [
          -788.2887662120185, 
          173.78266242069026, 
          -330.4100929305498, 
          389.52956488234025
        ]
      ], 
      "n_events": 100.0, 
      "mean": [
        -16.865231573958706, 
        21.01011324889663, 
        48.56202566014793, 
        -11.901509439510672
      ]
    }
  ]
]
