[
  [
    {
      "max_amplitude": 100.0, 
      "emittance": 2.9951466903041952, 
      "cov": [
        [
          1978.3626278998236, 
          -629.4008633453276, 
          178.46992250317606, 
          -696.8611127302844
        ], 
        [
          -629.4008633453276, 
          427.26683576807125, 
          523.5851188438253, 
          19.29111938790536
        ], 
        [
          178.46992250317606, 
          523.5851188438253, 
          1893.9279578338533, 
          -691.4739984730074
        ], 
        [
          -696.8611127302844, 
          19.29111938790536, 
          -691.4739984730074, 
          513.926406683141
        ]
      ], 
      "n_events": 26330.0, 
      "mean": [
        -4.719890546385718, 
        4.403434595716307, 
        11.411044691179693, 
        -5.447923037886132
      ]
    }, 
    {
      "max_amplitude": 96.36711120605469, 
      "emittance": 2.667021237954069, 
      "cov": [
        [
          1962.9235573849694, 
          -637.7350369715805, 
          179.3217092592949, 
          -697.2284453602284
        ], 
        [
          -637.7350369715805, 
          426.5274057403724, 
          523.3456645847626, 
          19.960852831967838
        ], 
        [
          179.3217092592949, 
          523.3456645847626, 
          1870.501329810605, 
          -698.6696923577139
        ], 
        [
          -697.2284453602284, 
          19.960852831967838, 
          -698.6696923577139, 
          513.5495380897133
        ]
      ], 
      "n_events": 26180.0, 
      "mean": [
        -4.662335661930187, 
        4.439071740018116, 
        11.5279961558083, 
        -5.485623472365025
      ]
    }, 
    {
      "max_amplitude": 94.80400085449219, 
      "emittance": 2.666199796057067, 
      "cov": [
        [
          1962.9847107403173, 
          -637.7378297906345, 
          179.31713724726467, 
          -697.2315328479141
        ], 
        [
          -637.7378297906345, 
          426.5100576909083, 
          523.3834711731622, 
          19.924889421512134
        ], 
        [
          179.31713724726467, 
          523.3834711731622, 
          1870.5633451965598, 
          -698.6769309654711
        ], 
        [
          -697.2315328479141, 
          19.924889421512134, 
          -698.6769309654711, 
          513.5290608622939
        ]
      ], 
      "n_events": 26179.0, 
      "mean": [
        -4.6616089304099795, 
        4.437938199006082, 
        11.52859648161785, 
        -5.486860984813638
      ]
    }, 
    {
      "max_amplitude": 87.1088638305664, 
      "emittance": 2.6630594799507055, 
      "cov": [
        [
          1962.949911115306, 
          -637.8216098901901, 
          179.22629799465614, 
          -697.2440232130604
        ], 
        [
          -637.8216098901901, 
          426.4061470473762, 
          523.1909543872088, 
          19.95977892804617
        ], 
        [
          179.22629799465614, 
          523.1909543872088, 
          1869.871790790899, 
          -698.6850082378642
        ], 
        [
          -697.2440232130604, 
          19.95977892804617, 
          -698.6850082378642, 
          513.5654158968946
        ]
      ], 
      "n_events": 26175.0, 
      "mean": [
        -4.658141527447038, 
        4.44037132630435, 
        11.538231630334147, 
        -5.489014785668045
      ]
    }, 
    {
      "max_amplitude": 81.76277923583984, 
      "emittance": 2.6616093581523375, 
      "cov": [
        [
          1963.0899556195268, 
          -637.8726036807346, 
          179.27216069053515, 
          -697.2832452165931
        ], 
        [
          -637.8726036807346, 
          426.3171763950866, 
          522.981310497787, 
          20.017904283741004
        ], 
        [
          179.27216069053515, 
          522.981310497787, 
          1869.365436926633, 
          -698.6704562600244
        ], 
        [
          -697.2832452165931, 
          20.017904283741004, 
          -698.6704562600244, 
          513.5612338221122
        ]
      ], 
      "n_events": 26173.0, 
      "mean": [
        -4.65728693753957, 
        4.43995933314968, 
        11.534184422689288, 
        -5.4899545371990754
      ]
    }, 
    {
      "max_amplitude": 78.50012969970703, 
      "emittance": 2.659562216552614, 
      "cov": [
        [
          1962.707292589506, 
          -637.7928428609878, 
          179.1688741799539, 
          -697.223231861836
        ], 
        [
          -637.7928428609878, 
          426.27241516952705, 
          523.0399922188794, 
          19.972900651036632
        ], 
        [
          179.1688741799539, 
          523.0399922188794, 
          1869.2427347366397, 
          -698.7268449013441
        ], 
        [
          -697.223231861836, 
          19.972900651036632, 
          -698.7268449013441, 
          513.5852098800191
        ]
      ], 
      "n_events": 26170.0, 
      "mean": [
        -4.66296444100126, 
        4.441948193080495, 
        11.529312628477344, 
        -5.48849260120438
      ]
    }, 
    {
      "max_amplitude": 74.98632049560547, 
      "emittance": 2.656355302201848, 
      "cov": [
        [
          1962.6674547341022, 
          -637.4958026710774, 
          179.35067451405703, 
          -697.1388916828014
        ], 
        [
          -637.4958026710774, 
          425.92713013954886, 
          522.9897889048128, 
          19.760384198532623
        ], 
        [
          179.35067451405703, 
          522.9897889048128, 
          1869.5230788938868, 
          -698.9251690855738
        ], 
        [
          -697.1388916828014, 
          19.760384198532623, 
          -698.9251690855738, 
          513.5560092121782
        ]
      ], 
      "n_events": 26165.0, 
      "mean": [
        -4.671763379128492, 
        4.450869598285015, 
        11.532178334068519, 
        -5.483713267337694
      ]
    }, 
    {
      "max_amplitude": 69.89119720458984, 
      "emittance": 2.653423224654145, 
      "cov": [
        [
          1962.2227793883196, 
          -637.4478459436884, 
          179.38961322903634, 
          -696.9613591714642
        ], 
        [
          -637.4478459436884, 
          425.8507148645231, 
          523.0031543409266, 
          19.695019719992604
        ], 
        [
          179.38961322903634, 
          523.0031543409266, 
          1869.6640399891653, 
          -698.9293399096663
        ], 
        [
          -696.9613591714642, 
          19.695019719992604, 
          -698.9293399096663, 
          513.419147151837
        ]
      ], 
      "n_events": 26160.0, 
      "mean": [
        -4.670823299650101, 
        4.454398103108067, 
        11.535325760406955, 
        -5.484410386699454
      ]
    }, 
    {
      "max_amplitude": 64.51779174804688, 
      "emittance": 2.6501966826782812, 
      "cov": [
        [
          1962.085753971089, 
          -637.301243109254, 
          179.21662810785193, 
          -696.9376670877178
        ], 
        [
          -637.301243109254, 
          425.6798459838085, 
          523.0962921544947, 
          19.55958111082725
        ], 
        [
          179.21662810785193, 
          523.0962921544947, 
          1869.7366496777638, 
          -699.0437514897174
        ], 
        [
          -696.9376670877178, 
          19.55958111082725, 
          -699.0437514897174, 
          513.4450365952844
        ]
      ], 
      "n_events": 26154.0, 
      "mean": [
        -4.670586151938413, 
        4.457486047125009, 
        11.54129700929628, 
        -5.483238466564852
      ]
    }, 
    {
      "max_amplitude": 59.31245040893555, 
      "emittance": 2.645240515933069, 
      "cov": [
        [
          1961.9424554435157, 
          -637.1313822133853, 
          179.24605984745898, 
          -696.726767932053
        ], 
        [
          -637.1313822133853, 
          425.38887891534137, 
          522.9612029272229, 
          19.43553096086567
        ], 
        [
          179.24605984745898, 
          522.9612029272229, 
          1869.4030268610975, 
          -699.0130246624135
        ], 
        [
          -696.726767932053, 
          19.43553096086567, 
          -699.0130246624135, 
          513.2016973211953
        ]
      ], 
      "n_events": 26144.0, 
      "mean": [
        -4.675950809005791, 
        4.4662309221729135, 
        11.552185184548536, 
        -5.48118843866171
      ]
    }, 
    {
      "max_amplitude": 54.209136962890625, 
      "emittance": 2.637176774407836, 
      "cov": [
        [
          1961.4155265957875, 
          -636.883616395044, 
          179.1894654216528, 
          -696.5010021844612
        ], 
        [
          -636.883616395044, 
          424.9166665402536, 
          522.6479877721162, 
          19.334207589514957
        ], 
        [
          179.1894654216528, 
          522.6479877721162, 
          1868.9557292210875, 
          -699.0651939888769
        ], 
        [
          -696.5010021844612, 
          19.334207589514957, 
          -699.0651939888769, 
          512.9519300638572
        ]
      ], 
      "n_events": 26126.0, 
      "mean": [
        -4.680177954148815, 
        4.474288189503653, 
        11.55636924132256, 
        -5.475448678274855
      ]
    }, 
    {
      "max_amplitude": 49.94382095336914, 
      "emittance": 2.626041799161436, 
      "cov": [
        [
          1960.6429107796334, 
          -636.133353974109, 
          179.58097643236613, 
          -696.0551522188076
        ], 
        [
          -636.133353974109, 
          424.3056753549986, 
          522.6003615810271, 
          18.795920607348656
        ], 
        [
          179.58097643236613, 
          522.6003615810271, 
          1868.6401789010329, 
          -699.2330360433183
        ], 
        [
          -696.0551522188076, 
          18.795920607348656, 
          -699.2330360433183, 
          512.4758134577534
        ]
      ], 
      "n_events": 26098.0, 
      "mean": [
        -4.704597929107448, 
        4.496407467216215, 
        11.570412617297032, 
        -5.4633741261229956
      ]
    }, 
    {
      "max_amplitude": 44.94859313964844, 
      "emittance": 2.6113437599572213, 
      "cov": [
        [
          1959.2806673130005, 
          -635.5279021146249, 
          179.73860245374084, 
          -695.5509378036974
        ], 
        [
          -635.5279021146249, 
          423.66209341288305, 
          522.3535590002206, 
          18.416228573694283
        ], 
        [
          179.73860245374084, 
          522.3535590002206, 
          1867.9489562909919, 
          -699.214389935837
        ], 
        [
          -695.5509378036974, 
          18.416228573694283, 
          -699.214389935837, 
          511.8752677076311
        ]
      ], 
      "n_events": 26057.0, 
      "mean": [
        -4.754808846500046, 
        4.522503008017046, 
        11.56542642871368, 
        -5.44104787979718
      ]
    }, 
    {
      "max_amplitude": 39.945770263671875, 
      "emittance": 2.5854071169633768, 
      "cov": [
        [
          1956.918368803372, 
          -634.1373691600654, 
          180.55471333165116, 
          -694.6669176907398
        ], 
        [
          -634.1373691600654, 
          422.3482315412482, 
          521.2239054014136, 
          17.91902206687137
        ], 
        [
          180.55471333165116, 
          521.2239054014136, 
          1864.0008435495101, 
          -698.5463197968261
        ], 
        [
          -694.6669176907398, 
          17.91902206687137, 
          -698.5463197968261, 
          510.4643399860213
        ]
      ], 
      "n_events": 25972.0, 
      "mean": [
        -4.777479762179279, 
        4.545635478562116, 
        11.602702976380888, 
        -5.422555038450342
      ]
    }, 
    {
      "max_amplitude": 34.946434020996094, 
      "emittance": 2.5463212046480357, 
      "cov": [
        [
          1949.817134094915, 
          -630.6996057352426, 
          182.02115754039966, 
          -691.7976963813685
        ], 
        [
          -630.6996057352426, 
          419.8024573363475, 
          519.2942292609805, 
          16.54405594956335
        ], 
        [
          182.02115754039966, 
          519.2942292609805, 
          1856.7851969622573, 
          -697.1127447536973
        ], 
        [
          -691.7976963813685, 
          16.54405594956335, 
          -697.1127447536973, 
          507.84729077841166
        ]
      ], 
      "n_events": 25821.0, 
      "mean": [
        -4.91866063361894, 
        4.641194852626663, 
        11.678515888122542, 
        -5.3708434388715
      ]
    }, 
    {
      "max_amplitude": 29.990188598632812, 
      "emittance": 2.4808134263296955, 
      "cov": [
        [
          1934.1685432534616, 
          -625.9629561464122, 
          179.85205948937138, 
          -685.0120299867204
        ], 
        [
          -625.9629561464122, 
          416.02726505209495, 
          516.6136986343007, 
          15.210689620148909
        ], 
        [
          179.85205948937138, 
          516.6136986343007, 
          1844.5322745465123, 
          -692.5064337193133
        ], 
        [
          -685.0120299867204, 
          15.210689620148909, 
          -692.5064337193133, 
          502.1341563862823
        ]
      ], 
      "n_events": 25517.0, 
      "mean": [
        -5.005263305019574, 
        4.739445287603197, 
        11.765918721155922, 
        -5.32869400082473
      ]
    }, 
    {
      "max_amplitude": 24.99986457824707, 
      "emittance": 2.37448539525703, 
      "cov": [
        [
          1900.4781097263556, 
          -617.0366100373591, 
          175.12622524961762, 
          -672.9967630532398
        ], 
        [
          -617.0366100373591, 
          409.33274641247976, 
          510.6281924018607, 
          14.40007631726278
        ], 
        [
          175.12622524961762, 
          510.6281924018607, 
          1820.5748407000592, 
          -683.2682625699298
        ], 
        [
          -672.9967630532398, 
          14.40007631726278, 
          -683.2682625699298, 
          492.55423891313103
        ]
      ], 
      "n_events": 24904.0, 
      "mean": [
        -5.12023399893611, 
        4.866194932171905, 
        11.894777717671714, 
        -5.293354219457398
      ]
    }, 
    {
      "max_amplitude": 19.997413635253906, 
      "emittance": 2.192024684430095, 
      "cov": [
        [
          1833.7987380903228, 
          -593.159521053403, 
          175.062404824498, 
          -651.411743950762
        ], 
        [
          -593.159521053403, 
          391.09577883410395, 
          489.0732698336461, 
          13.778131987908614
        ], 
        [
          175.062404824498, 
          489.0732698336461, 
          1748.1811338923153, 
          -660.3051293407193
        ], 
        [
          -651.411743950762, 
          13.778131987908614, 
          -660.3051293407193, 
          473.87326753460326
        ]
      ], 
      "n_events": 23540.0, 
      "mean": [
        -5.421636633696394, 
        5.196797239788346, 
        12.437101101167373, 
        -5.352958446009829
      ]
    }, 
    {
      "max_amplitude": 14.999382972717285, 
      "emittance": 1.8857234420231965, 
      "cov": [
        [
          1702.5817992846153, 
          -545.4196369459951, 
          185.88176798210594, 
          -612.2181798677796
        ], 
        [
          -545.4196369459951, 
          353.7179521911584, 
          435.8062957723808, 
          16.29201649687469
        ], 
        [
          185.88176798210594, 
          435.8062957723808, 
          1584.8914836242586, 
          -610.8741684028606
        ], 
        [
          -612.2181798677796, 
          16.29201649687469, 
          -610.8741684028606, 
          438.601532284227
        ]
      ], 
      "n_events": 20532.0, 
      "mean": [
        -5.975052712452521, 
        5.976423152053621, 
        13.839928942674623, 
        -5.617850210333056
      ]
    }, 
    {
      "max_amplitude": 9.999543190002441, 
      "emittance": 1.4087073261736298, 
      "cov": [
        [
          1406.178633014127, 
          -450.02025762676436, 
          159.90366553062785, 
          -509.44066913324116
        ], 
        [
          -450.02025762676436, 
          285.4801519049851, 
          345.95168635459413, 
          18.604068690175147
        ], 
        [
          159.90366553062785, 
          345.95168635459413, 
          1268.5520381129766, 
          -493.9373885873327
        ], 
        [
          -509.44066913324116, 
          18.604068690175147, 
          -493.9373885873327, 
          357.1213629762708
        ]
      ], 
      "n_events": 14487.0, 
      "mean": [
        -6.214741967697666, 
        7.099227416574888, 
        16.78903659768318, 
        -6.478585501131895
      ]
    }, 
    {
      "max_amplitude": 5.0, 
      "emittance": 0.7721660921670876, 
      "cov": [
        [
          813.1398652303993, 
          -259.49081676976806, 
          98.53285737222892, 
          -296.63059047629423
        ], 
        [
          -259.49081676976806, 
          163.95215330850752, 
          196.10664631480407, 
          11.882493782530872
        ], 
        [
          98.53285737222892, 
          196.10664631480407, 
          723.18936309266, 
          -284.36503310980163
        ], 
        [
          -296.63059047629423, 
          11.882493782530872, 
          -284.36503310980163, 
          205.4658794591243
        ]
      ], 
      "n_events": 5720.0, 
      "mean": [
        -5.41806743925259, 
        7.369664687492189, 
        18.459933014833304, 
        -7.161656515789461
      ]
    }, 
    {
      "max_amplitude": 0.0, 
      "emittance": 0.7721660921670876, 
      "cov": [
        [
          1908.7837316039731, 
          -624.0773276665093, 
          251.06765487155587, 
          -715.4748583927834
        ], 
        [
          -624.0773276665093, 
          275.95142820121805, 
          118.94313699349766, 
          160.16867070942334
        ], 
        [
          251.06765487155587, 
          118.94313699349766, 
          663.6785398667989, 
          -309.98594160547316
        ], 
        [
          -715.4748583927834, 
          160.16867070942334, 
          -309.98594160547316, 
          352.7242001806163
        ]
      ], 
      "n_events": 100.0, 
      "mean": [
        -4.672149697395419, 
        16.676756372267754, 
        47.686154840649536, 
        -16.874134526669533
      ]
    }
  ], 
  [
    {
      "max_amplitude": 530.3861083984375, 
      "emittance": 2.942212585404835, 
      "cov": [
        [
          1966.8811857481987, 
          -628.523705357622, 
          176.81852398728006, 
          -693.9221408369531
        ], 
        [
          -628.523705357622, 
          427.32002364292725, 
          528.0801781749614, 
          18.53784940901011
        ], 
        [
          176.81852398728006, 
          528.0801781749614, 
          1912.1316962693782, 
          -695.8665848136466
        ], 
        [
          -693.9221408369531, 
          18.53784940901011, 
          -695.8665848136466, 
          511.9392380044178
        ]
      ], 
      "n_events": 26222.0, 
      "mean": [
        -4.914579909634162, 
        4.735662061604404, 
        12.00342258663824, 
        -5.549425132875127
      ]
    }, 
    {
      "max_amplitude": 97.73127746582031, 
      "emittance": 2.6437639730205658, 
      "cov": [
        [
          1950.3069508846975, 
          -636.5688619785659, 
          176.21127636962677, 
          -692.9309332833619
        ], 
        [
          -636.5688619785659, 
          426.2796701331202, 
          526.9079189523541, 
          19.284442153648484
        ], 
        [
          176.21127636962677, 
          526.9079189523541, 
          1891.191592044036, 
          -701.9581885978546
        ], 
        [
          -692.9309332833619, 
          19.284442153648484, 
          -701.9581885978546, 
          511.5411922373088
        ]
      ], 
      "n_events": 26090.0, 
      "mean": [
        -4.822378185755746, 
        4.758218329093649, 
        12.095777069919341, 
        -5.583644357667664
      ]
    }, 
    {
      "max_amplitude": 94.55773162841797, 
      "emittance": 2.640458201537439, 
      "cov": [
        [
          1950.3943550508911, 
          -636.5605225732303, 
          176.48107171476116, 
          -693.0526995249306
        ], 
        [
          -636.5605225732303, 
          426.09678847811364, 
          526.7495086476279, 
          19.292039091379653
        ], 
        [
          176.48107171476116, 
          526.7495086476279, 
          1890.8785656582031, 
          -701.98055623753
        ], 
        [
          -693.0526995249306, 
          19.292039091379653, 
          -701.98055623753, 
          511.59914344314257
        ]
      ], 
      "n_events": 26086.0, 
      "mean": [
        -4.82466433043632, 
        4.7610824588416, 
        12.102905439094862, 
        -5.584881146307762
      ]
    }, 
    {
      "max_amplitude": 86.707275390625, 
      "emittance": 2.638869006212519, 
      "cov": [
        [
          1950.0176337263251, 
          -636.6398500243002, 
          176.36108561467648, 
          -692.8561849747937
        ], 
        [
          -636.6398500243002, 
          426.1273784375019, 
          526.7724435064017, 
          19.31091347043563
        ], 
        [
          176.36108561467648, 
          526.7724435064017, 
          1890.6867129220475, 
          -701.8800272638241
        ], 
        [
          -692.8561849747937, 
          19.31091347043563, 
          -701.8800272638241, 
          511.49259552578
        ]
      ], 
      "n_events": 26084.0, 
      "mean": [
        -4.821372087080211, 
        4.7614055030884055, 
        12.107862304011732, 
        -5.587681144109988
      ]
    }, 
    {
      "max_amplitude": 83.58148956298828, 
      "emittance": 2.638118032126497, 
      "cov": [
        [
          1950.0088789678805, 
          -636.5620150810628, 
          176.4208631956376, 
          -692.8592243203614
        ], 
        [
          -636.5620150810628, 
          426.018547319011, 
          526.7277360503933, 
          19.282854987835545
        ], 
        [
          176.4208631956376, 
          526.7277360503933, 
          1890.7255457870242, 
          -701.9218696831455
        ], 
        [
          -692.8592243203614, 
          19.282854987835545, 
          -701.9218696831455, 
          511.5055795929609
        ]
      ], 
      "n_events": 26083.0, 
      "mean": [
        -4.823161427871912, 
        4.7635960541995335, 
        12.108998180891273, 
        -5.587177149645208
      ]
    }, 
    {
      "max_amplitude": 79.47824096679688, 
      "emittance": 2.636056810482046, 
      "cov": [
        [
          1950.0422404882138, 
          -636.6170868429501, 
          176.56274006994647, 
          -692.9724493332328
        ], 
        [
          -636.6170868429501, 
          426.04636220246505, 
          526.7413631831208, 
          19.33642068315284
        ], 
        [
          176.56274006994647, 
          526.7413631831208, 
          1890.7200599680968, 
          -701.8724087986127
        ], 
        [
          -692.9724493332328, 
          19.33642068315284, 
          -701.8724087986127, 
          511.4338034291441
        ]
      ], 
      "n_events": 26080.0, 
      "mean": [
        -4.827651840958184, 
        4.76405271400348, 
        12.112783642584846, 
        -5.588267608868647
      ]
    }, 
    {
      "max_amplitude": 74.6650619506836, 
      "emittance": 2.6335186764310996, 
      "cov": [
        [
          1949.8076856872167, 
          -636.6348737549562, 
          176.37291091114776, 
          -692.894570720755
        ], 
        [
          -636.6348737549562, 
          425.91451117628094, 
          526.5692533935692, 
          19.338290905880147
        ], 
        [
          176.37291091114776, 
          526.5692533935692, 
          1890.3112679957421, 
          -701.8740482901394
        ], 
        [
          -692.894570720755, 
          19.338290905880147, 
          -701.8740482901394, 
          511.43128246926676
        ]
      ], 
      "n_events": 26076.0, 
      "mean": [
        -4.8217894460998085, 
        4.759267580809177, 
        12.108601856347612, 
        -5.589512350384072
      ]
    }, 
    {
      "max_amplitude": 69.16831970214844, 
      "emittance": 2.629979716243148, 
      "cov": [
        [
          1949.7566793552674, 
          -636.386849429215, 
          176.51370707955388, 
          -692.6817674182707
        ], 
        [
          -636.386849429215, 
          425.6860802070315, 
          526.5854891072524, 
          19.06572884033337
        ], 
        [
          176.51370707955388, 
          526.5854891072524, 
          1890.6562204255283, 
          -702.0741417852871
        ], 
        [
          -692.6817674182707, 
          19.06572884033337, 
          -702.0741417852871, 
          511.2379875419847
        ]
      ], 
      "n_events": 26070.0, 
      "mean": [
        -4.8293335635632255, 
        4.764668562148392, 
        12.108018926690464, 
        -5.5836126477832595
      ]
    }, 
    {
      "max_amplitude": 64.90564727783203, 
      "emittance": 2.628331638960306, 
      "cov": [
        [
          1949.5706167598692, 
          -636.10337693304, 
          176.73636168344942, 
          -692.5896182061595
        ], 
        [
          -636.10337693304, 
          425.41599291139073, 
          526.4612483362807, 
          18.921345123008074
        ], 
        [
          176.73636168344942, 
          526.4612483362807, 
          1890.7634124779768, 
          -702.2358041832349
        ], 
        [
          -692.5896182061595, 
          18.921345123008074, 
          -702.2358041832349, 
          511.2233048329276
        ]
      ], 
      "n_events": 26067.0, 
      "mean": [
        -4.836074768029786, 
        4.770719529781458, 
        12.111511212689768, 
        -5.580835241758648
      ]
    }, 
    {
      "max_amplitude": 59.77850341796875, 
      "emittance": 2.6228437305958163, 
      "cov": [
        [
          1949.388786362347, 
          -636.1072751343639, 
          176.51201060417728, 
          -692.4840591487831
        ], 
        [
          -636.1072751343639, 
          425.2872921868045, 
          526.4320340865645, 
          18.832664331884498
        ], 
        [
          176.51201060417728, 
          526.4320340865645, 
          1890.1490806072154, 
          -702.277505479213
        ], 
        [
          -692.4840591487831, 
          18.832664331884498, 
          -702.277505479213, 
          511.1592085313102
        ]
      ], 
      "n_events": 26056.0, 
      "mean": [
        -4.840104748381629, 
        4.7764210739923465, 
        12.111598729961278, 
        -5.578978225086473
      ]
    }, 
    {
      "max_amplitude": 54.7618293762207, 
      "emittance": 2.6192432804099672, 
      "cov": [
        [
          1948.649659238767, 
          -635.9279827388364, 
          176.39265674154666, 
          -692.2063592815606
        ], 
        [
          -635.9279827388364, 
          425.1687348831624, 
          526.5028470981746, 
          18.671735323450964
        ], 
        [
          176.39265674154666, 
          526.5028470981746, 
          1890.2708484529417, 
          -702.4132835575413
        ], 
        [
          -692.2063592815606, 
          18.671735323450964, 
          -702.4132835575413, 
          511.06291136547253
        ]
      ], 
      "n_events": 26048.0, 
      "mean": [
        -4.842027404602774, 
        4.782020520695409, 
        12.113220200875062, 
        -5.578665216795619
      ]
    }, 
    {
      "max_amplitude": 49.96957778930664, 
      "emittance": 2.61159695495338, 
      "cov": [
        [
          1947.9361558619073, 
          -635.6803713336525, 
          176.09537127363222, 
          -691.7395766516955
        ], 
        [
          -635.6803713336525, 
          424.84257721501695, 
          526.5131005206887, 
          18.512915802264406
        ], 
        [
          176.09537127363222, 
          526.5131005206887, 
          1890.4791677064031, 
          -702.3338491475779
        ], 
        [
          -691.7395766516955, 
          18.512915802264406, 
          -702.3338491475779, 
          510.5382890467212
        ]
      ], 
      "n_events": 26029.0, 
      "mean": [
        -4.850337448253446, 
        4.791528642790822, 
        12.123825304168442, 
        -5.575089375046426
      ]
    }, 
    {
      "max_amplitude": 44.974403381347656, 
      "emittance": 2.5985421624083145, 
      "cov": [
        [
          1945.09470597079, 
          -634.8853858679319, 
          175.9304535114812, 
          -690.40233334414
        ], 
        [
          -634.8853858679319, 
          424.2837076722487, 
          526.6297002567005, 
          17.95404822717704
        ], 
        [
          175.9304535114812, 
          526.6297002567005, 
          1891.0960064551457, 
          -702.602658787765
        ], 
        [
          -690.40233334414, 
          17.95404822717704, 
          -702.602658787765, 
          509.7513623577202
        ]
      ], 
      "n_events": 25992.0, 
      "mean": [
        -4.884267481342251, 
        4.809565030792072, 
        12.11853048623093, 
        -5.558387424822337
      ]
    }, 
    {
      "max_amplitude": 39.97125244140625, 
      "emittance": 2.5770697212277303, 
      "cov": [
        [
          1940.8597927203496, 
          -633.358751121569, 
          175.906672352914, 
          -688.4180999379647
        ], 
        [
          -633.358751121569, 
          423.1381357974812, 
          526.1534106748187, 
          17.195599678842523
        ], 
        [
          175.906672352914, 
          526.1534106748187, 
          1888.899742772653, 
          -702.2430375725993
        ], 
        [
          -688.4180999379647, 
          17.195599678842523, 
          -702.2430375725993, 
          508.320482862541
        ]
      ], 
      "n_events": 25922.0, 
      "mean": [
        -4.897045306255555, 
        4.838525989933599, 
        12.144800871528696, 
        -5.548707361253894
      ]
    }, 
    {
      "max_amplitude": 34.96416091918945, 
      "emittance": 2.5387075419556866, 
      "cov": [
        [
          1933.361735051048, 
          -630.8944268742305, 
          173.54999991747115, 
          -684.2875762471874
        ], 
        [
          -630.8944268742305, 
          421.38122337102044, 
          525.8075711017347, 
          15.803415990937983
        ], 
        [
          173.54999991747115, 
          525.8075711017347, 
          1883.0348989154668, 
          -699.8476977462916
        ], 
        [
          -684.2875762471874, 
          15.803415990937983, 
          -699.8476977462916, 
          504.8806077551299
        ]
      ], 
      "n_events": 25776.0, 
      "mean": [
        -4.940806003236497, 
        4.888349593044794, 
        12.220975374666333, 
        -5.532268040433656
      ]
    }, 
    {
      "max_amplitude": 29.978313446044922, 
      "emittance": 2.488211385226116, 
      "cov": [
        [
          1920.2958424637618, 
          -627.8824249626107, 
          171.0382777267003, 
          -677.9957928061324
        ], 
        [
          -627.8824249626107, 
          419.10749778191763, 
          523.6809968084843, 
          14.798301582673602
        ], 
        [
          171.0382777267003, 
          523.6809968084843, 
          1871.851662053273, 
          -695.751677135608
        ], 
        [
          -677.9957928061324, 
          14.798301582673602, 
          -695.751677135608, 
          499.79869585325525
        ]
      ], 
      "n_events": 25541.0, 
      "mean": [
        -4.98212350841673, 
        4.933973166011891, 
        12.281525903191053, 
        -5.505652882672309
      ]
    }, 
    {
      "max_amplitude": 24.997461318969727, 
      "emittance": 2.382460036552389, 
      "cov": [
        [
          1887.7902592152243, 
          -617.3252236977903, 
          170.07676999023778, 
          -666.5195129168878
        ], 
        [
          -617.3252236977903, 
          410.9554595690287, 
          515.3431143015016, 
          13.62128736744575
        ], 
        [
          170.07676999023778, 
          515.3431143015016, 
          1844.427105630152, 
          -686.8226954714057
        ], 
        [
          -666.5195129168878, 
          13.62128736744575, 
          -686.8226954714057, 
          490.2324202248283
        ]
      ], 
      "n_events": 24926.0, 
      "mean": [
        -5.227392383518524, 
        5.129689581574338, 
        12.531084016787284, 
        -5.438559339428852
      ]
    }, 
    {
      "max_amplitude": 19.998151779174805, 
      "emittance": 2.2013053075062023, 
      "cov": [
        [
          1819.5929838951747, 
          -592.0901393924272, 
          174.73471672939232, 
          -645.7793570562151
        ], 
        [
          -592.0901393924272, 
          392.12145631976085, 
          491.452161707061, 
          12.972520598255208
        ], 
        [
          174.73471672939232, 
          491.452161707061, 
          1767.5875867465418, 
          -663.9777761600316
        ], 
        [
          -645.7793570562151, 
          12.972520598255208, 
          -663.9777761600316, 
          471.96376093317105
        ]
      ], 
      "n_events": 23573.0, 
      "mean": [
        -5.630884448205739, 
        5.502061873528466, 
        13.07580533328569, 
        -5.442512801177047
      ]
    }, 
    {
      "max_amplitude": 14.999731063842773, 
      "emittance": 1.8875983651780828, 
      "cov": [
        [
          1681.8201222750724, 
          -540.2793386332185, 
          189.66538693804148, 
          -607.7592317589481
        ], 
        [
          -540.2793386332185, 
          349.83938649108217, 
          427.78597091980737, 
          18.748562063378255
        ], 
        [
          189.66538693804148, 
          427.78597091980737, 
          1579.280348014758, 
          -606.1494055816788
        ], 
        [
          -607.7592317589481, 
          18.748562063378255, 
          -606.1494055816788, 
          434.1219426334334
        ]
      ], 
      "n_events": 20478.0, 
      "mean": [
        -6.2547382403842855, 
        6.386585917642572, 
        14.890105177809845, 
        -5.801216956148003
      ]
    }, 
    {
      "max_amplitude": 9.999433517456055, 
      "emittance": 1.4111505310909103, 
      "cov": [
        [
          1366.820608166794, 
          -436.3186090336196, 
          171.65976703864962, 
          -501.5341789770797
        ], 
        [
          -436.3186090336196, 
          275.63178428180856, 
          326.7020586389198, 
          20.66586177787633
        ], 
        [
          171.65976703864962, 
          326.7020586389198, 
          1235.3001518282404, 
          -487.3141785790832
        ], 
        [
          -501.5341789770797, 
          20.66586177787633, 
          -487.3141785790832, 
          352.73403872423404
        ]
      ], 
      "n_events": 14447.0, 
      "mean": [
        -7.073866638736028, 
        7.70841639684441, 
        17.90686082072263, 
        -6.487176856858446
      ]
    }, 
    {
      "max_amplitude": 5.0, 
      "emittance": 0.7739351101585156, 
      "cov": [
        [
          801.5483345374802, 
          -251.66878260531826, 
          111.31130613550309, 
          -298.71086529233963
        ], 
        [
          -251.66878260531826, 
          155.4911273855075, 
          181.73937260663718, 
          13.740288499085366
        ], 
        [
          111.31130613550309, 
          181.73937260663718, 
          708.7086510059146, 
          -286.1513807187347
        ], 
        [
          -298.71086529233963, 
          13.740288499085366, 
          -286.1513807187347, 
          208.33491392574672
        ]
      ], 
      "n_events": 5679.0, 
      "mean": [
        -6.353554551638933, 
        8.206521675915853, 
        19.99687156072274, 
        -7.34559824619237
      ]
    }, 
    {
      "max_amplitude": 0.0, 
      "emittance": 0.7739351101585156, 
      "cov": [
        [
          2056.078160940216, 
          -563.2663255032285, 
          506.69099612965607, 
          -858.8967673418684
        ], 
        [
          -563.2663255032285, 
          211.75392446514172, 
          16.55892329602966, 
          171.66502150500892
        ], 
        [
          506.69099612965607, 
          16.55892329602966, 
          610.6886712576593, 
          -396.82838471910065
        ], 
        [
          -858.8967673418684, 
          171.66502150500892, 
          -396.82838471910065, 
          440.04359538230506
        ]
      ], 
      "n_events": 100.0, 
      "mean": [
        -10.431353949596298, 
        18.77650905565613, 
        47.1312697900957, 
        -15.84874228982708
      ]
    }
  ]
]
