[
  [
    {
      "max_amplitude": 100.0, 
      "emittance": 2.8637738007966185, 
      "cov": [
        [
          1010.3052818852824, 
          -244.23447046473458, 
          69.56458112917645, 
          -533.8066120431058
        ], 
        [
          -244.23447046473458, 
          286.9981083793802, 
          359.6095988028429, 
          33.571719132060025
        ], 
        [
          69.56458112917645, 
          359.6095988028429, 
          927.9363363802834, 
          -211.20965972677587
        ], 
        [
          -533.8066120431058, 
          33.571719132060025, 
          -211.20965972677587, 
          443.6648143188422
        ]
      ], 
      "n_events": 37898.0, 
      "mean": [
        -0.15309419077755398, 
        5.66914265929239, 
        8.461088772527068, 
        -5.788867590512372
      ]
    }, 
    {
      "max_amplitude": 100.0, 
      "emittance": 2.841806089681753, 
      "cov": [
        [
          1007.6809058481222, 
          -244.56391705261677, 
          70.31269402717663, 
          -533.6029115349992
        ], 
        [
          -244.56391705261677, 
          286.7077806882598, 
          359.674901442918, 
          33.378066848767716
        ], 
        [
          70.31269402717663, 
          359.674901442918, 
          926.757318389216, 
          -211.7855558673493
        ], 
        [
          -533.6029115349992, 
          33.378066848767716, 
          -211.7855558673493, 
          443.219438012224
        ]
      ], 
      "n_events": 37873.0, 
      "mean": [
        -0.12960658405873815, 
        5.674305228948979, 
        8.453215501198825, 
        -5.792675821057694
      ]
    }, 
    {
      "max_amplitude": 93.70037841796875, 
      "emittance": 2.8394828653955826, 
      "cov": [
        [
          1007.6412081498668, 
          -244.56968001814417, 
          70.23719543143609, 
          -533.6774220656774
        ], 
        [
          -244.56968001814417, 
          286.6437972700533, 
          359.7166006725454, 
          33.371828065715455
        ], 
        [
          70.23719543143609, 
          359.7166006725454, 
          926.4964046580318, 
          -211.8993665916455
        ], 
        [
          -533.6774220656774, 
          33.371828065715455, 
          -211.8993665916455, 
          443.2143687503837
        ]
      ], 
      "n_events": 37869.0, 
      "mean": [
        -0.1309400937478186, 
        5.674111723590778, 
        8.447341121947737, 
        -5.794690757516798
      ]
    }, 
    {
      "max_amplitude": 89.77030944824219, 
      "emittance": 2.8373129090913185, 
      "cov": [
        [
          1007.3206270949969, 
          -244.63224674315632, 
          70.21120405343343, 
          -533.6281577370904
        ], 
        [
          -244.63224674315632, 
          286.6496919849914, 
          359.7977510588219, 
          33.4109265056098
        ], 
        [
          70.21120405343343, 
          359.7977510588219, 
          926.3704065579199, 
          -211.9197064056349
        ], 
        [
          -533.6281577370904, 
          33.4109265056098, 
          -211.9197064056349, 
          443.17954312900576
        ]
      ], 
      "n_events": 37865.0, 
      "mean": [
        -0.12604652212531517, 
        5.674565059880906, 
        8.44909355687127, 
        -5.7967170722269925
      ]
    }, 
    {
      "max_amplitude": 83.40007019042969, 
      "emittance": 2.835298437934685, 
      "cov": [
        [
          1007.3104200950502, 
          -244.66560938101787, 
          70.16464298786146, 
          -533.6710747483346
        ], 
        [
          -244.66560938101787, 
          286.5197133990415, 
          359.65089442946476, 
          33.37908758686031
        ], 
        [
          70.16464298786146, 
          359.65089442946476, 
          925.9982004959409, 
          -212.0211884374637
        ], 
        [
          -533.6710747483346, 
          33.37908758686031, 
          -212.0211884374637, 
          443.146903669203
        ]
      ], 
      "n_events": 37861.0, 
      "mean": [
        -0.12708728381942838, 
        5.677747926444916, 
        8.449639124398221, 
        -5.79615817604989
      ]
    }, 
    {
      "max_amplitude": 78.30171966552734, 
      "emittance": 2.833431262435594, 
      "cov": [
        [
          1007.3083866366238, 
          -244.69683195784887, 
          70.17234250797495, 
          -533.7066670922889
        ], 
        [
          -244.69683195784887, 
          286.4707319142823, 
          359.62977635894435, 
          33.30324105140836
        ], 
        [
          70.17234250797495, 
          359.62977635894435, 
          926.0408377368375, 
          -212.1322559718322
        ], 
        [
          -533.7066670922889, 
          33.30324105140836, 
          -212.1322559718322, 
          443.025075767462
        ]
      ], 
      "n_events": 37857.0, 
      "mean": [
        -0.12819916783286892, 
        5.6752707732981555, 
        8.447389370793873, 
        -5.799696700306597
      ]
    }, 
    {
      "max_amplitude": 73.29202270507812, 
      "emittance": 2.832112117137229, 
      "cov": [
        [
          1007.1528695688036, 
          -244.75344049354277, 
          69.99061482014838, 
          -533.7476371304232
        ], 
        [
          -244.75344049354277, 
          286.445841223035, 
          359.6346208598167, 
          33.31543760003582
        ], 
        [
          69.99061482014838, 
          359.6346208598167, 
          925.9505744238422, 
          -212.1625317708247
        ], 
        [
          -533.7476371304232, 
          33.31543760003582, 
          -212.1625317708247, 
          443.04544915900533
        ]
      ], 
      "n_events": 37854.0, 
      "mean": [
        -0.12770274169931753, 
        5.674386307257202, 
        8.447044559882645, 
        -5.800324585047663
      ]
    }, 
    {
      "max_amplitude": 66.98120880126953, 
      "emittance": 2.830540280978476, 
      "cov": [
        [
          1007.0138422809797, 
          -244.84911722483693, 
          69.79685385565492, 
          -533.6498177021588
        ], 
        [
          -244.84911722483693, 
          286.4305351192371, 
          359.64535348174854, 
          33.37054953844181
        ], 
        [
          69.79685385565492, 
          359.64535348174854, 
          925.5934291206433, 
          -212.14209810036542
        ], 
        [
          -533.6498177021588, 
          33.37054953844181, 
          -212.14209810036542, 
          442.955541050499
        ]
      ], 
      "n_events": 37850.0, 
      "mean": [
        -0.1313150874307854, 
        5.67367364192307, 
        8.446738157872275, 
        -5.797718934762202
      ]
    }, 
    {
      "max_amplitude": 64.67691040039062, 
      "emittance": 2.825740572105716, 
      "cov": [
        [
          1006.5871186385332, 
          -245.08264791831073, 
          69.40350954635471, 
          -533.6298122130095
        ], 
        [
          -245.08264791831073, 
          286.32419858117976, 
          359.61388414128726, 
          33.51988743197134
        ], 
        [
          69.40350954635471, 
          359.61388414128726, 
          925.0313425357202, 
          -212.21796946436476
        ], 
        [
          -533.6298122130095, 
          33.51988743197134, 
          -212.21796946436476, 
          442.8440784287162
        ]
      ], 
      "n_events": 37837.0, 
      "mean": [
        -0.13662327464581156, 
        5.67657888214969, 
        8.445210149451439, 
        -5.798095851665392
      ]
    }, 
    {
      "max_amplitude": 59.967342376708984, 
      "emittance": 2.8223611386198506, 
      "cov": [
        [
          1006.3163343276148, 
          -245.2297346162057, 
          69.00650637307044, 
          -533.6590023134788
        ], 
        [
          -245.2297346162057, 
          286.20585075179025, 
          359.43791277619033, 
          33.54020819330164
        ], 
        [
          69.00650637307044, 
          359.43791277619033, 
          924.2155534422502, 
          -212.05049624451095
        ], 
        [
          -533.6590023134788, 
          33.54020819330164, 
          -212.05049624451095, 
          442.82118747727367
        ]
      ], 
      "n_events": 37827.0, 
      "mean": [
        -0.13172244553443138, 
        5.680637524383998, 
        8.458446015608775, 
        -5.801004023410482
      ]
    }, 
    {
      "max_amplitude": 54.815277099609375, 
      "emittance": 2.8205044778992354, 
      "cov": [
        [
          1005.9637727761623, 
          -245.35180302469143, 
          68.75055780047404, 
          -533.5481169172788
        ], 
        [
          -245.35180302469143, 
          286.095413854429, 
          359.21462026076966, 
          33.56929980840607
        ], 
        [
          68.75055780047404, 
          359.21462026076966, 
          923.7228145339809, 
          -212.05975818532949
        ], 
        [
          -533.5481169172788, 
          33.56929980840607, 
          -212.05975818532949, 
          442.7512934550123
        ]
      ], 
      "n_events": 37821.0, 
      "mean": [
        -0.13054797223966466, 
        5.683540350921411, 
        8.461689423227178, 
        -5.803793567692343
      ]
    }, 
    {
      "max_amplitude": 49.29322052001953, 
      "emittance": 2.8186435147879156, 
      "cov": [
        [
          1005.786845210499, 
          -245.36715227421345, 
          68.86555946780531, 
          -533.4529811670901
        ], 
        [
          -245.36715227421345, 
          286.0201574594631, 
          359.1617579803431, 
          33.56602300931422
        ], 
        [
          68.86555946780531, 
          359.1617579803431, 
          923.3783100781661, 
          -212.10071769862054
        ], 
        [
          -533.4529811670901, 
          33.56602300931422, 
          -212.10071769862054, 
          442.6967798284442
        ]
      ], 
      "n_events": 37814.0, 
      "mean": [
        -0.1352849832144104, 
        5.686451769240122, 
        8.465678026654983, 
        -5.801776553232241
      ]
    }, 
    {
      "max_amplitude": 44.90241622924805, 
      "emittance": 2.8104325993330064, 
      "cov": [
        [
          1004.8418626041805, 
          -245.17927576610182, 
          68.89456451026047, 
          -533.1468769016444
        ], 
        [
          -245.17927576610182, 
          284.90330253701603, 
          358.0372647698537, 
          33.48582792899862
        ], 
        [
          68.89456451026047, 
          358.0372647698537, 
          921.8340323921666, 
          -212.3603781097031
        ], 
        [
          -533.1468769016444, 
          33.48582792899862, 
          -212.3603781097031, 
          442.4892447980818
        ]
      ], 
      "n_events": 37780.0, 
      "mean": [
        -0.14023338194955476, 
        5.7007059351751055, 
        8.47569568207981, 
        -5.804732101125882
      ]
    }, 
    {
      "max_amplitude": 39.998878479003906, 
      "emittance": 2.7959379864597347, 
      "cov": [
        [
          1002.3182515586772, 
          -244.62387720263177, 
          69.30113566114453, 
          -532.4000970690089
        ], 
        [
          -244.62387720263177, 
          283.349336681777, 
          356.082568918985, 
          33.28683151746016
        ], 
        [
          69.30113566114453, 
          356.082568918985, 
          918.6400064927404, 
          -212.6139615563722
        ], 
        [
          -532.4000970690089, 
          33.28683151746016, 
          -212.6139615563722, 
          441.73764373280255
        ]
      ], 
      "n_events": 37709.0, 
      "mean": [
        -0.163894117876568, 
        5.736408071627335, 
        8.525922921700227, 
        -5.80373007274018
      ]
    }, 
    {
      "max_amplitude": 34.97117233276367, 
      "emittance": 2.770632486941414, 
      "cov": [
        [
          998.3587409466837, 
          -243.88705329327576, 
          70.41447292971877, 
          -531.0400365288053
        ], 
        [
          -243.88705329327576, 
          281.2160570737634, 
          353.3576893820958, 
          32.89686823643151
        ], 
        [
          70.41447292971877, 
          353.3576893820958, 
          912.7738529224928, 
          -213.49496809020008
        ], 
        [
          -531.0400365288053, 
          32.89686823643151, 
          -213.49496809020008, 
          440.60114939188634
        ]
      ], 
      "n_events": 37562.0, 
      "mean": [
        -0.19883364798906278, 
        5.779410545392271, 
        8.588265948754003, 
        -5.805719495844907
      ]
    }, 
    {
      "max_amplitude": 29.995615005493164, 
      "emittance": 2.7197842217185, 
      "cov": [
        [
          989.5784419388498, 
          -241.4744536155523, 
          73.92307790309971, 
          -527.5686496450835
        ], 
        [
          -241.4744536155523, 
          276.3173207886476, 
          346.3418969465141, 
          32.58329992125389
        ], 
        [
          73.92307790309971, 
          346.3418969465141, 
          898.4750202849904, 
          -214.11152051367523
        ], 
        [
          -527.5686496450835, 
          32.58329992125389, 
          -214.11152051367523, 
          436.76746981585393
        ]
      ], 
      "n_events": 37202.0, 
      "mean": [
        -0.25060145330207845, 
        5.887117728059276, 
        8.75999327872991, 
        -5.836373486075472
      ]
    }, 
    {
      "max_amplitude": 24.9932861328125, 
      "emittance": 2.6049952050834038, 
      "cov": [
        [
          965.6254964164027, 
          -234.47045104894704, 
          79.37795593800874, 
          -519.2465207808754
        ], 
        [
          -234.47045104894704, 
          263.8417409872216, 
          328.2072082400297, 
          32.439041813246575
        ], 
        [
          79.37795593800874, 
          328.2072082400297, 
          861.0768538022004, 
          -212.5817455023251
        ], 
        [
          -519.2465207808754, 
          32.439041813246575, 
          -212.5817455023251, 
          428.1836890606502
        ]
      ], 
      "n_events": 36173.0, 
      "mean": [
        -0.38248721484447823, 
        6.215573562612642, 
        9.299511399724869, 
        -5.925361756320186
      ]
    }, 
    {
      "max_amplitude": 19.9970645904541, 
      "emittance": 2.387488323928526, 
      "cov": [
        [
          918.4955048970128, 
          -223.91004106552455, 
          86.29748382512683, 
          -498.56308359207617
        ], 
        [
          -223.91004106552455, 
          241.63686315561677, 
          294.888631602874, 
          35.02631978140296
        ], 
        [
          86.29748382512683, 
          294.888631602874, 
          788.617538437556, 
          -204.5632001500316
        ], 
        [
          -498.56308359207617, 
          35.02631978140296, 
          -204.5632001500316, 
          406.63240277391196
        ]
      ], 
      "n_events": 33661.0, 
      "mean": [
        -0.4533902405457626, 
        6.7740540956179744, 
        10.317735417226586, 
        -6.213815815113084
      ]
    }, 
    {
      "max_amplitude": 14.999818801879883, 
      "emittance": 2.0119588061959908, 
      "cov": [
        [
          813.2155449287654, 
          -198.07750525798028, 
          89.89352677171485, 
          -447.3863270694939
        ], 
        [
          -198.07750525798028, 
          201.4705546511046, 
          238.51039469593934, 
          35.92657960175758
        ], 
        [
          89.89352677171485, 
          238.51039469593934, 
          660.2286679791455, 
          -183.73360070368147
        ], 
        [
          -447.3863270694939, 
          35.92657960175758, 
          -183.73360070368147, 
          360.3410939475847
        ]
      ], 
      "n_events": 28074.0, 
      "mean": [
        -0.34009421506941395, 
        7.625061406437825, 
        12.03725114496137, 
        -6.737686892181652
      ]
    }, 
    {
      "max_amplitude": 9.999581336975098, 
      "emittance": 1.4681043845911255, 
      "cov": [
        [
          608.1146689581252, 
          -142.58297064616238, 
          84.54322678554675, 
          -341.96701740463527
        ], 
        [
          -142.58297064616238, 
          143.0204600126003, 
          163.8209039521327, 
          27.954830010908967
        ], 
        [
          84.54322678554675, 
          163.8209039521327, 
          473.5114696978294, 
          -144.59246740619838
        ], 
        [
          -341.96701740463527, 
          27.954830010908967, 
          -144.59246740619838, 
          274.18469846172064
        ]
      ], 
      "n_events": 18382.0, 
      "mean": [
        0.27130329650454943, 
        7.974113680324207, 
        13.191357873876449, 
        -7.366733863825772
      ]
    }, 
    {
      "max_amplitude": 5.0, 
      "emittance": 0.779997994944854, 
      "cov": [
        [
          324.24375026034096, 
          -75.00496070896787, 
          50.078232373606525, 
          -182.6604651223944
        ], 
        [
          -75.00496070896787, 
          73.18155281990097, 
          79.99475112902822, 
          16.890789878649322
        ], 
        [
          50.078232373606525, 
          79.99475112902822, 
          242.65439987143517, 
          -76.55878257846481
        ], 
        [
          -182.6604651223944, 
          16.890789878649322, 
          -76.55878257846481, 
          145.04326644762216
        ]
      ], 
      "n_events": 6617.0, 
      "mean": [
        0.7485825361883559, 
        8.382212842416138, 
        14.065800099758224, 
        -7.970310142354992
      ]
    }, 
    {
      "max_amplitude": 0.0, 
      "emittance": 0.779997994944854, 
      "cov": [
        [
          312.2511979723586, 
          -104.88914649653267, 
          -3.36046863782326, 
          -167.3283818382808
        ], 
        [
          -104.88914649653267, 
          84.64564929457966, 
          38.19588472170636, 
          56.84238165084946
        ], 
        [
          -3.36046863782326, 
          38.19588472170636, 
          142.18504247571946, 
          -11.360471644722224
        ], 
        [
          -167.3283818382808, 
          56.84238165084946, 
          -11.360471644722224, 
          110.52284699460813
        ]
      ], 
      "n_events": 100.0, 
      "mean": [
        18.221627395955476, 
        9.690004537682128, 
        29.492182597742808, 
        -22.402422686180913
      ]
    }
  ], 
  [
    {
      "max_amplitude": 195.91160583496094, 
      "emittance": 2.8465657564771205, 
      "cov": [
        [
          1018.5464731675858, 
          -243.1575689488082, 
          74.19550116283425, 
          -540.4700450259942
        ], 
        [
          -243.1575689488082, 
          284.80016228265987, 
          355.55492642322395, 
          33.76929085087384
        ], 
        [
          74.19550116283425, 
          355.55492642322395, 
          914.7430343728684, 
          -212.95637970303528
        ], 
        [
          -540.4700450259942, 
          33.76929085087384, 
          -212.95637970303528, 
          447.91016830489616
        ]
      ], 
      "n_events": 37806.0, 
      "mean": [
        -0.15270915035938876, 
        5.6025536903088105, 
        8.487127598370664, 
        -5.91912930070306
      ]
    }, 
    {
      "max_amplitude": 99.42424774169922, 
      "emittance": 2.8278146533985815, 
      "cov": [
        [
          1016.08091309059, 
          -243.81398718143794, 
          74.13217177365314, 
          -540.4858351329761
        ], 
        [
          -243.81398718143794, 
          284.65925686712444, 
          355.63210879893495, 
          33.758690210039134
        ], 
        [
          74.13217177365314, 
          355.63210879893495, 
          913.6912964261547, 
          -213.32404064901914
        ], 
        [
          -540.4858351329761, 
          33.758690210039134, 
          -213.32404064901914, 
          447.9090620017337
        ]
      ], 
      "n_events": 37783.0, 
      "mean": [
        -0.1301544862251538, 
        5.604066742945318, 
        8.485789231586777, 
        -5.922576013948044
      ]
    }, 
    {
      "max_amplitude": 94.9190902709961, 
      "emittance": 2.8272592927865867, 
      "cov": [
        [
          1016.1075763444886, 
          -243.82065928390475, 
          74.14124503416379, 
          -540.5012536500373
        ], 
        [
          -243.82065928390475, 
          284.6665827185185, 
          355.64829023424153, 
          33.75852420979814
        ], 
        [
          74.14124503416379, 
          355.64829023424153, 
          913.4956162075031, 
          -213.2952707090858
        ], 
        [
          -540.5012536500373, 
          33.75852420979814, 
          -213.2952707090858, 
          447.9155297829851
        ]
      ], 
      "n_events": 37782.0, 
      "mean": [
        -0.1302325070088615, 
        5.603992483143947, 
        8.488201488676122, 
        -5.922953617269924
      ]
    }, 
    {
      "max_amplitude": 88.45370483398438, 
      "emittance": 2.825660682847663, 
      "cov": [
        [
          1016.0374233694849, 
          -243.83404575914835, 
          74.31162079953276, 
          -540.4046202295531
        ], 
        [
          -243.83404575914835, 
          284.6487771467691, 
          355.6355715940178, 
          33.713628859790276
        ], 
        [
          74.31162079953276, 
          355.6355715940178, 
          913.338220377893, 
          -213.5080908884276
        ], 
        [
          -540.4046202295531, 
          33.713628859790276, 
          -213.5080908884276, 
          447.775193655215
        ]
      ], 
      "n_events": 37779.0, 
      "mean": [
        -0.12945131295429776, 
        5.603305048470188, 
        8.4879526603496, 
        -5.92393938548631
      ]
    }, 
    {
      "max_amplitude": 83.81233215332031, 
      "emittance": 2.823113362376933, 
      "cov": [
        [
          1015.6421194064013, 
          -243.92020994693976, 
          74.05872437103008, 
          -540.4869227841615
        ], 
        [
          -243.92020994693976, 
          284.6037426820531, 
          355.5363142752149, 
          33.73502724061945
        ], 
        [
          74.05872437103008, 
          355.5363142752149, 
          912.93597072585, 
          -213.5092948746323
        ], 
        [
          -540.4869227841615, 
          33.73502724061945, 
          -213.5092948746323, 
          447.81833040710035
        ]
      ], 
      "n_events": 37774.0, 
      "mean": [
        -0.12849661091360826, 
        5.602550598792481, 
        8.488135310557519, 
        -5.924898982269649
      ]
    }, 
    {
      "max_amplitude": 78.32186126708984, 
      "emittance": 2.8202573020775277, 
      "cov": [
        [
          1015.437478753451, 
          -243.97373766094205, 
          73.92023009046396, 
          -540.604338992559
        ], 
        [
          -243.97373766094205, 
          284.6281994955174, 
          355.54419994442287, 
          33.73414160343442
        ], 
        [
          73.92023009046396, 
          355.54419994442287, 
          912.3483973449167, 
          -213.64440065713467
        ], 
        [
          -540.604338992559, 
          33.73414160343442, 
          -213.64440065713467, 
          447.85530273419255
        ]
      ], 
      "n_events": 37768.0, 
      "mean": [
        -0.12687671087400865, 
        5.603928770856283, 
        8.486499192959394, 
        -5.9251394578133905
      ]
    }, 
    {
      "max_amplitude": 72.87335968017578, 
      "emittance": 2.8184726752797014, 
      "cov": [
        [
          1015.1010540706508, 
          -243.97188312218867, 
          73.85802454969057, 
          -540.5659624080437
        ], 
        [
          -243.97188312218867, 
          284.59557015514554, 
          355.62793101574874, 
          33.771408743230275
        ], 
        [
          73.85802454969057, 
          355.62793101574874, 
          912.3598104539955, 
          -213.65943309726026
        ], 
        [
          -540.5659624080437, 
          33.771408743230275, 
          -213.65943309726026, 
          447.8301359136734
        ]
      ], 
      "n_events": 37764.0, 
      "mean": [
        -0.12606783948865546, 
        5.60297444682649, 
        8.488777706933435, 
        -5.924544367594243
      ]
    }, 
    {
      "max_amplitude": 69.55097198486328, 
      "emittance": 2.8164343288155735, 
      "cov": [
        [
          1015.0792145288266, 
          -244.08711149443334, 
          73.65578446156402, 
          -540.5932326967295
        ], 
        [
          -244.08711149443334, 
          284.5080834230446, 
          355.626497934329, 
          33.82401574876594
        ], 
        [
          73.65578446156402, 
          355.626497934329, 
          912.0565226582529, 
          -213.65988638818294
        ], 
        [
          -540.5932326967295, 
          33.82401574876594, 
          -213.65988638818294, 
          447.86018465565166
        ]
      ], 
      "n_events": 37759.0, 
      "mean": [
        -0.12382767930399864, 
        5.6044086241453845, 
        8.492039093311291, 
        -5.926017298036693
      ]
    }, 
    {
      "max_amplitude": 64.29986572265625, 
      "emittance": 2.814972886659089, 
      "cov": [
        [
          1014.9018380049162, 
          -244.14881298968325, 
          73.48750572512334, 
          -540.6131104075731
        ], 
        [
          -244.14881298968325, 
          284.51623034638095, 
          355.6312640646505, 
          33.84229808294057
        ], 
        [
          73.48750572512334, 
          355.6312640646505, 
          911.704214907562, 
          -213.64547664114198
        ], 
        [
          -540.6131104075731, 
          33.84229808294057, 
          -213.64547664114198, 
          447.89660363232525
        ]
      ], 
      "n_events": 37755.0, 
      "mean": [
        -0.12431369919061395, 
        5.604022590173324, 
        8.497117068183849, 
        -5.925861815538649
      ]
    }, 
    {
      "max_amplitude": 59.85051727294922, 
      "emittance": 2.8105791531199587, 
      "cov": [
        [
          1014.46838917393, 
          -244.4944603527029, 
          73.02051467432636, 
          -540.4356935378747
        ], 
        [
          -244.4944603527029, 
          284.42848062004146, 
          355.3792390686558, 
          33.948803986680694
        ], 
        [
          73.02051467432636, 
          355.3792390686558, 
          910.880612008415, 
          -213.71278719880664
        ], 
        [
          -540.4356935378747, 
          33.948803986680694, 
          -213.71278719880664, 
          447.60404946281756
        ]
      ], 
      "n_events": 37742.0, 
      "mean": [
        -0.11903511491930872, 
        5.606799655558039, 
        8.501690338720897, 
        -5.926402572612162
      ]
    }, 
    {
      "max_amplitude": 54.995235443115234, 
      "emittance": 2.8077868161470785, 
      "cov": [
        [
          1014.4252022481495, 
          -244.58817364160407, 
          72.82449190758196, 
          -540.5152203171378
        ], 
        [
          -244.58817364160407, 
          284.24720472683487, 
          355.29500518842525, 
          33.947284931863834
        ], 
        [
          72.82449190758196, 
          355.29500518842525, 
          910.5272230831961, 
          -213.759115528482
        ], 
        [
          -540.5152203171378, 
          33.947284931863834, 
          -213.759115528482, 
          447.6774584377191
        ]
      ], 
      "n_events": 37733.0, 
      "mean": [
        -0.11415997638989828, 
        5.606342880039168, 
        8.503033070011357, 
        -5.926892092262465
      ]
    }, 
    {
      "max_amplitude": 49.67673873901367, 
      "emittance": 2.8026682362511486, 
      "cov": [
        [
          1013.6199231883585, 
          -244.87612250743857, 
          72.43651552328258, 
          -540.3152853596229
        ], 
        [
          -244.87612250743857, 
          284.10558170693633, 
          354.9708699950764, 
          34.03412013453746
        ], 
        [
          72.43651552328258, 
          354.9708699950764, 
          909.2966627197421, 
          -213.7434688522731
        ], 
        [
          -540.3152853596229, 
          34.03412013453746, 
          -213.7434688522731, 
          447.58634528125975
        ]
      ], 
      "n_events": 37714.0, 
      "mean": [
        -0.10685189151360622, 
        5.611481155828275, 
        8.514509500095397, 
        -5.9311671527725744
      ]
    }, 
    {
      "max_amplitude": 44.86001968383789, 
      "emittance": 2.7971926817632897, 
      "cov": [
        [
          1012.6022842814097, 
          -244.90647292561752, 
          72.30188509341826, 
          -540.0211067563216
        ], 
        [
          -244.90647292561752, 
          283.8542863765081, 
          354.8122665700371, 
          33.98134844476529
        ], 
        [
          72.30188509341826, 
          354.8122665700371, 
          908.81318284829, 
          -213.80546580625332
        ], 
        [
          -540.0211067563216, 
          33.98134844476529, 
          -213.80546580625332, 
          447.4030771312702
        ]
      ], 
      "n_events": 37691.0, 
      "mean": [
        -0.09565034575653324, 
        5.61373020606915, 
        8.528572939870502, 
        -5.934832971703463
      ]
    }, 
    {
      "max_amplitude": 39.921730041503906, 
      "emittance": 2.78400227520028, 
      "cov": [
        [
          1010.5243476567275, 
          -244.50402671245953, 
          72.66224496216532, 
          -539.2362497701107
        ], 
        [
          -244.50402671245953, 
          282.4705277843796, 
          353.07608608275984, 
          33.56474849361168
        ], 
        [
          72.66224496216532, 
          353.07608608275984, 
          905.8677181220394, 
          -214.44078877941553
        ], 
        [
          -539.2362497701107, 
          33.56474849361168, 
          -214.44078877941553, 
          446.81111794124627
        ]
      ], 
      "n_events": 37627.0, 
      "mean": [
        -0.08510842466858824, 
        5.628056468162091, 
        8.55195213356426, 
        -5.938313935175102
      ]
    }, 
    {
      "max_amplitude": 34.967979431152344, 
      "emittance": 2.7562828895411666, 
      "cov": [
        [
          1006.20827485445, 
          -243.61717847199566, 
          73.6253490619412, 
          -537.4673844415875
        ], 
        [
          -243.61717847199566, 
          279.51738528071644, 
          349.099187060021, 
          33.14614109017209
        ], 
        [
          73.6253490619412, 
          349.099187060021, 
          897.985667545555, 
          -215.28959528084164
        ], 
        [
          -537.4673844415875, 
          33.14614109017209, 
          -215.28959528084164, 
          445.3965419351027
        ]
      ], 
      "n_events": 37466.0, 
      "mean": [
        -0.11524445284241991, 
        5.690920377821488, 
        8.641466353764297, 
        -5.9465454311223525
      ]
    }, 
    {
      "max_amplitude": 29.996862411499023, 
      "emittance": 2.7046943883301706, 
      "cov": [
        [
          996.2378259889716, 
          -242.07238977911794, 
          74.29331753503575, 
          -533.4607611031726
        ], 
        [
          -242.07238977911794, 
          274.3035801071123, 
          342.12813738679966, 
          33.50131769714652
        ], 
        [
          74.29331753503575, 
          342.12813738679966, 
          884.9046011315936, 
          -214.23104741422478
        ], 
        [
          -533.4607611031726, 
          33.50131769714652, 
          -214.23104741422478, 
          441.24604276795293
        ]
      ], 
      "n_events": 37104.0, 
      "mean": [
        -0.10167500609367197, 
        5.825520671871488, 
        8.858771924864058, 
        -6.016129846760566
      ]
    }, 
    {
      "max_amplitude": 24.99958038330078, 
      "emittance": 2.5984473239105688, 
      "cov": [
        [
          973.122498434824, 
          -235.4161183339834, 
          79.4227021507332, 
          -524.6866620558425
        ], 
        [
          -235.4161183339834, 
          262.53336776870077, 
          325.82640666088156, 
          33.52014909315122
        ], 
        [
          79.4227021507332, 
          325.82640666088156, 
          852.4812548906144, 
          -212.50732191680817
        ], 
        [
          -524.6866620558425, 
          33.52014909315122, 
          -212.50732191680817, 
          432.3754257121073
        ]
      ], 
      "n_events": 36161.0, 
      "mean": [
        -0.19816589224528397, 
        6.103599318848024, 
        9.320263727050044, 
        -6.144792823849579
      ]
    }, 
    {
      "max_amplitude": 19.99875259399414, 
      "emittance": 2.379256691260764, 
      "cov": [
        [
          924.6182998633685, 
          -221.83034859960483, 
          89.11972510996581, 
          -503.9156942006149
        ], 
        [
          -221.83034859960483, 
          237.60358001020438, 
          289.6314735026975, 
          35.13981089186959
        ], 
        [
          89.11972510996581, 
          289.6314735026975, 
          778.3378516350443, 
          -205.47134317354116
        ], 
        [
          -503.9156942006149, 
          35.13981089186959, 
          -205.47134317354116, 
          410.69318763550166
        ]
      ], 
      "n_events": 33639.0, 
      "mean": [
        -0.33059368739179895, 
        6.743825453580441, 
        10.401486926137887, 
        -6.408385730024407
      ]
    }, 
    {
      "max_amplitude": 14.997182846069336, 
      "emittance": 2.008333487354874, 
      "cov": [
        [
          814.2872180374321, 
          -191.52988501877405, 
          93.70809164099265, 
          -450.49109848604076
        ], 
        [
          -191.52988501877405, 
          196.9270935319018, 
          235.93053531005185, 
          33.11393349964411
        ], 
        [
          93.70809164099265, 
          235.93053531005185, 
          657.2732739142241, 
          -187.60423981373737
        ], 
        [
          -450.49109848604076, 
          33.11393349964411, 
          -187.60423981373737, 
          363.56272637569896
        ]
      ], 
      "n_events": 28114.0, 
      "mean": [
        -0.1996165193697424, 
        7.481836345223606, 
        11.941298070044992, 
        -6.9128313222611295
      ]
    }, 
    {
      "max_amplitude": 9.999202728271484, 
      "emittance": 1.4702070827401021, 
      "cov": [
        [
          617.1307659568287, 
          -137.86544969375927, 
          90.09056555964935, 
          -351.24480860340924
        ], 
        [
          -137.86544969375927, 
          138.9475997595527, 
          163.7573360121943, 
          25.095354307056155
        ], 
        [
          90.09056555964935, 
          163.7573360121943, 
          479.5964390965198, 
          -152.49481187382906
        ], 
        [
          -351.24480860340924, 
          25.095354307056155, 
          -152.49481187382906, 
          283.6941307987811
        ]
      ], 
      "n_events": 18536.0, 
      "mean": [
        0.13786101293527844, 
        8.05137310665766, 
        13.243805883604683, 
        -7.291860073122822
      ]
    }, 
    {
      "max_amplitude": 5.0, 
      "emittance": 0.7795261479635948, 
      "cov": [
        [
          332.81948757945077, 
          -74.89131065069577, 
          49.29187178391716, 
          -189.8753039990567
        ], 
        [
          -74.89131065069577, 
          71.22472375668201, 
          82.19376254507156, 
          16.221022203686296
        ], 
        [
          49.29187178391716, 
          82.19376254507156, 
          251.3145766955148, 
          -79.25604205552914
        ], 
        [
          -189.8753039990567, 
          16.221022203686296, 
          -79.25604205552914, 
          151.91265381721882
        ]
      ], 
      "n_events": 6648.0, 
      "mean": [
        0.8218821569169636, 
        8.294976824294414, 
        13.765211263220975, 
        -7.6351276157129835
      ]
    }, 
    {
      "max_amplitude": 0.0, 
      "emittance": 0.7795261479635948, 
      "cov": [
        [
          526.4689510302533, 
          -132.82242595921701, 
          126.08481372239885, 
          -359.85487814816315
        ], 
        [
          -132.82242595921701, 
          53.88476279561988, 
          -4.2390724711061125, 
          80.48304226800977
        ], 
        [
          126.08481372239885, 
          -4.2390724711061125, 
          190.88590221324307, 
          -118.97371537316894
        ], 
        [
          -359.85487814816315, 
          80.48304226800977, 
          -118.97371537316894, 
          288.20166987183853
        ]
      ], 
      "n_events": 100.0, 
      "mean": [
        11.984467000208902, 
        13.408779672002098, 
        29.08907051174895, 
        -16.99022740233421
      ]
    }
  ]
]
