[
  [
    {
      "max_amplitude": 100.0, 
      "emittance": 2.84328566748937, 
      "cov": [
        [
          1014.3175296167065, 
          -238.15531879567783, 
          71.86806420365701, 
          -533.599787666056
        ], 
        [
          -238.15531879567783, 
          280.52418602831904, 
          357.58532493350725, 
          31.880918322465945
        ], 
        [
          71.86806420365701, 
          357.58532493350725, 
          930.3996860537871, 
          -206.71416492658742
        ], 
        [
          -533.599787666056, 
          31.880918322465945, 
          -206.71416492658742, 
          438.9012124204258
        ]
      ], 
      "n_events": 37911.0, 
      "mean": [
        -0.09828105350201645, 
        6.0335953984849455, 
        8.370650204730174, 
        -4.742459591672614
      ]
    }, 
    {
      "max_amplitude": 97.78677368164062, 
      "emittance": 2.8162003839534746, 
      "cov": [
        [
          1010.7332864392138, 
          -238.56148123418984, 
          72.02786807603019, 
          -533.958175582402
        ], 
        [
          -238.56148123418984, 
          280.36728604302573, 
          357.71380326024484, 
          31.72401706217517
        ], 
        [
          72.02786807603019, 
          357.71380326024484, 
          928.6805344046694, 
          -207.51661553551673
        ], 
        [
          -533.958175582402, 
          31.72401706217517, 
          -207.51661553551673, 
          438.83763484472433
        ]
      ], 
      "n_events": 37882.0, 
      "mean": [
        -0.08192220946717436, 
        6.037741880425569, 
        8.363363387204455, 
        -4.747061102835442
      ]
    }, 
    {
      "max_amplitude": 92.61348724365234, 
      "emittance": 2.814491977469815, 
      "cov": [
        [
          1010.5089545655062, 
          -238.57759260610592, 
          71.94043610958254, 
          -533.925119345781
        ], 
        [
          -238.57759260610592, 
          280.3795218022175, 
          357.7884321482189, 
          31.73513389447758
        ], 
        [
          71.94043610958254, 
          357.7884321482189, 
          928.4442207044583, 
          -207.6039189454947
        ], 
        [
          -533.925119345781, 
          31.73513389447758, 
          -207.6039189454947, 
          438.80911599682037
        ]
      ], 
      "n_events": 37879.0, 
      "mean": [
        -0.0788959793516407, 
        6.038406750221469, 
        8.361377914945143, 
        -4.74828025044355
      ]
    }, 
    {
      "max_amplitude": 89.96363830566406, 
      "emittance": 2.8134224393435665, 
      "cov": [
        [
          1010.5177218566228, 
          -238.61608982449937, 
          71.89328230150501, 
          -533.9408802336192
        ], 
        [
          -238.61608982449937, 
          280.35768933829365, 
          357.82905495538233, 
          31.767014755479718
        ], 
        [
          71.89328230150501, 
          357.82905495538233, 
          928.313024733856, 
          -207.65530708332693
        ], 
        [
          -533.9408802336192, 
          31.767014755479718, 
          -207.65530708332693, 
          438.80435560333956
        ]
      ], 
      "n_events": 37877.0, 
      "mean": [
        -0.07874106292273853, 
        6.039559040115141, 
        8.359029952849694, 
        -4.749454166004984
      ]
    }, 
    {
      "max_amplitude": 84.8392105102539, 
      "emittance": 2.811376989703073, 
      "cov": [
        [
          1010.4733216070456, 
          -238.59373756024817, 
          72.01620476597485, 
          -533.9455686208144
        ], 
        [
          -238.59373756024817, 
          280.25959515891805, 
          357.67380735378407, 
          31.700453804901226
        ], 
        [
          72.01620476597485, 
          357.67380735378407, 
          927.689811795833, 
          -207.73017403387837
        ], 
        [
          -533.9455686208144, 
          31.700453804901226, 
          -207.73017403387837, 
          438.7790314719345
        ]
      ], 
      "n_events": 37873.0, 
      "mean": [
        -0.07667032843962909, 
        6.041503890140944, 
        8.362503410635956, 
        -4.748648053502479
      ]
    }, 
    {
      "max_amplitude": 79.88243103027344, 
      "emittance": 2.807173327708723, 
      "cov": [
        [
          1010.4527306874149, 
          -238.65172460578188, 
          71.90732510082582, 
          -533.9979557470062
        ], 
        [
          -238.65172460578188, 
          280.1424823729317, 
          357.6510025819235, 
          31.617008198986763
        ], 
        [
          71.90732510082582, 
          357.6510025819235, 
          926.9867006872055, 
          -207.87910007640775
        ], 
        [
          -533.9979557470062, 
          31.617008198986763, 
          -207.87910007640775, 
          438.72429511645413
        ]
      ], 
      "n_events": 37864.0, 
      "mean": [
        -0.07263773340115617, 
        6.0372467298219945, 
        8.359308128998975, 
        -4.752449972103655
      ]
    }, 
    {
      "max_amplitude": 72.83397674560547, 
      "emittance": 2.805438369483405, 
      "cov": [
        [
          1010.4293884849034, 
          -238.67022669201944, 
          71.75400942325133, 
          -534.0568799853819
        ], 
        [
          -238.67022669201944, 
          280.15824643426356, 
          357.74612983622393, 
          31.63139126572457
        ], 
        [
          71.75400942325133, 
          357.74612983622393, 
          926.5480153834393, 
          -207.9359783815533
        ], 
        [
          -534.0568799853819, 
          31.63139126572457, 
          -207.9359783815533, 
          438.7613793427472
        ]
      ], 
      "n_events": 37860.0, 
      "mean": [
        -0.07171041263385769, 
        6.038125378750058, 
        8.356649445246452, 
        -4.753154507221752
      ]
    }, 
    {
      "max_amplitude": 69.33102416992188, 
      "emittance": 2.804228335223899, 
      "cov": [
        [
          1010.2133302953215, 
          -238.76187537904215, 
          71.51337090236616, 
          -534.0014913280069
        ], 
        [
          -238.76187537904215, 
          280.13184274770447, 
          357.70361595383713, 
          31.64203290781723
        ], 
        [
          71.51337090236616, 
          357.70361595383713, 
          926.3709368278987, 
          -207.91654513095995
        ], 
        [
          -534.0014913280069, 
          31.64203290781723, 
          -207.91654513095995, 
          438.717695985666
        ]
      ], 
      "n_events": 37857.0, 
      "mean": [
        -0.07198805302417141, 
        6.038167507380796, 
        8.358274882195001, 
        -4.751277371751003
      ]
    }, 
    {
      "max_amplitude": 64.62464141845703, 
      "emittance": 2.800859048543676, 
      "cov": [
        [
          1009.7859767250184, 
          -238.98845189092975, 
          71.25627141880642, 
          -533.8592657549669
        ], 
        [
          -238.98845189092975, 
          279.99110102783123, 
          357.6673621118023, 
          31.823989329489983
        ], 
        [
          71.25627141880642, 
          357.6673621118023, 
          926.2233701712206, 
          -207.88407323370745
        ], 
        [
          -533.8592657549669, 
          31.823989329489983, 
          -207.88407323370745, 
          438.58179965335023
        ]
      ], 
      "n_events": 37848.0, 
      "mean": [
        -0.07599029473390266, 
        6.040228119175379, 
        8.359225935674402, 
        -4.750393179428104
      ]
    }, 
    {
      "max_amplitude": 59.805973052978516, 
      "emittance": 2.79781401339071, 
      "cov": [
        [
          1009.3737958588332, 
          -239.21181102876594, 
          70.8962595446869, 
          -533.789195313183
        ], 
        [
          -239.21181102876594, 
          279.8243445996667, 
          357.3195508155718, 
          31.847145635834448
        ], 
        [
          70.8962595446869, 
          357.3195508155718, 
          925.4023273996592, 
          -207.9022587791829
        ], 
        [
          -533.789195313183, 
          31.847145635834448, 
          -207.9022587791829, 
          438.5685149043428
        ]
      ], 
      "n_events": 37839.0, 
      "mean": [
        -0.07352792365341736, 
        6.0444791613773265, 
        8.370125363985581, 
        -4.7501331246496346
      ]
    }, 
    {
      "max_amplitude": 54.878631591796875, 
      "emittance": 2.7959825258561035, 
      "cov": [
        [
          1009.3066076568991, 
          -239.33864229865168, 
          70.717100104491, 
          -533.8333108624756
        ], 
        [
          -239.33864229865168, 
          279.7593468400955, 
          357.28178525596354, 
          31.88259817435459
        ], 
        [
          70.717100104491, 
          357.28178525596354, 
          925.1807179827299, 
          -207.84243140983278
        ], 
        [
          -533.8333108624756, 
          31.88259817435459, 
          -207.84243140983278, 
          438.590711435984
        ]
      ], 
      "n_events": 37833.0, 
      "mean": [
        -0.07157459188276166, 
        6.04820490716645, 
        8.373807803731793, 
        -4.751646106862447
      ]
    }, 
    {
      "max_amplitude": 49.81333923339844, 
      "emittance": 2.7918505426224516, 
      "cov": [
        [
          1008.7477340334406, 
          -239.41591342493706, 
          70.75279338694361, 
          -533.5540584070214
        ], 
        [
          -239.41591342493706, 
          279.6164896658752, 
          357.0873782888115, 
          31.8464771544574
        ], 
        [
          70.75279338694361, 
          357.0873782888115, 
          924.4760088048185, 
          -208.02997891514838
        ], 
        [
          -533.5540584070214, 
          31.8464771544574, 
          -208.02997891514838, 
          438.3351634271433
        ]
      ], 
      "n_events": 37818.0, 
      "mean": [
        -0.07524981673405666, 
        6.052302587997593, 
        8.376468749169675, 
        -4.752898481919567
      ]
    }, 
    {
      "max_amplitude": 44.95499801635742, 
      "emittance": 2.7849660774526894, 
      "cov": [
        [
          1007.5749708498346, 
          -239.0890077371133, 
          70.94878363492467, 
          -533.094269219912
        ], 
        [
          -239.0890077371133, 
          278.5644010527942, 
          355.96331815854774, 
          31.66686761735342
        ], 
        [
          70.94878363492467, 
          355.96331815854774, 
          923.0577197125381, 
          -208.24462106564113
        ], 
        [
          -533.094269219912, 
          31.66686761735342, 
          -208.24462106564113, 
          438.0822996356502
        ]
      ], 
      "n_events": 37789.0, 
      "mean": [
        -0.0808024590515776, 
        6.06473691006994, 
        8.393371038998435, 
        -4.754239784177236
      ]
    }, 
    {
      "max_amplitude": 39.940826416015625, 
      "emittance": 2.77433104481204, 
      "cov": [
        [
          1005.5537571558085, 
          -238.79672344538506, 
          70.98597663165201, 
          -532.3780203572232
        ], 
        [
          -238.79672344538506, 
          277.5780071320001, 
          354.7732160234763, 
          31.38867702630454
        ], 
        [
          70.98597663165201, 
          354.7732160234763, 
          921.1482071889579, 
          -208.64285403069846
        ], 
        [
          -532.3780203572232, 
          31.38867702630454, 
          -208.64285403069846, 
          437.48679815627315
        ]
      ], 
      "n_events": 37737.0, 
      "mean": [
        -0.0958687744423903, 
        6.085704731812418, 
        8.42375154027498, 
        -4.752086687462283
      ]
    }, 
    {
      "max_amplitude": 34.97456359863281, 
      "emittance": 2.750545477899789, 
      "cov": [
        [
          1002.0189643408542, 
          -237.87936192456235, 
          72.14426641171178, 
          -531.0449083316672
        ], 
        [
          -237.87936192456235, 
          275.40224455394537, 
          352.0403273086592, 
          30.993722632255313
        ], 
        [
          72.14426641171178, 
          352.0403273086592, 
          915.4567834160845, 
          -209.22875139904573
        ], 
        [
          -531.0449083316672, 
          30.993722632255313, 
          -209.22875139904573, 
          436.1268186289327
        ]
      ], 
      "n_events": 37601.0, 
      "mean": [
        -0.13498022674113705, 
        6.137884055721453, 
        8.490797119961274, 
        -4.75309223715812
      ]
    }, 
    {
      "max_amplitude": 29.999488830566406, 
      "emittance": 2.7022827306948014, 
      "cov": [
        [
          993.0380840926616, 
          -235.21174684140283, 
          76.28509582146813, 
          -527.765233444484
        ], 
        [
          -235.21174684140283, 
          270.653980181998, 
          345.1228571701794, 
          30.20107838014768
        ], 
        [
          76.28509582146813, 
          345.1228571701794, 
          901.5837097620705, 
          -210.81989711215277
        ], 
        [
          -527.765233444484, 
          30.20107838014768, 
          -210.81989711215277, 
          433.0629783799291
        ]
      ], 
      "n_events": 37259.0, 
      "mean": [
        -0.18309542503597923, 
        6.246185917563784, 
        8.665215131827763, 
        -4.787771972097007
      ]
    }, 
    {
      "max_amplitude": 24.99325942993164, 
      "emittance": 2.595481265576559, 
      "cov": [
        [
          970.7485064504447, 
          -228.31916467967403, 
          82.61137330678359, 
          -519.9712334687806
        ], 
        [
          -228.31916467967403, 
          258.77067982920204, 
          327.6931512563359, 
          30.373872158831478
        ], 
        [
          82.61137330678359, 
          327.6931512563359, 
          866.6239920317537, 
          -209.68125896493711
        ], 
        [
          -519.9712334687806, 
          30.373872158831478, 
          -209.68125896493711, 
          424.52082725577196
        ]
      ], 
      "n_events": 36306.0, 
      "mean": [
        -0.3389585333378488, 
        6.5928430223484655, 
        9.1958088093991, 
        -4.861237525398663
      ]
    }, 
    {
      "max_amplitude": 19.996810913085938, 
      "emittance": 2.384509194149495, 
      "cov": [
        [
          921.7289481047014, 
          -216.97086394958086, 
          88.97322982467071, 
          -499.3891816130692
        ], 
        [
          -216.97086394958086, 
          236.5623685060071, 
          293.97395105080375, 
          32.33871455957115
        ], 
        [
          88.97322982467071, 
          293.97395105080375, 
          792.9339770779183, 
          -202.55159967785562
        ], 
        [
          -499.3891816130692, 
          32.33871455957115, 
          -202.55159967785562, 
          404.47440091382373
        ]
      ], 
      "n_events": 33864.0, 
      "mean": [
        -0.5085456658801258, 
        7.143684321454811, 
        10.175982951192946, 
        -5.080695451384739
      ]
    }, 
    {
      "max_amplitude": 14.999863624572754, 
      "emittance": 2.0106754469712724, 
      "cov": [
        [
          817.9784800554942, 
          -192.71303853592724, 
          91.03100524445696, 
          -449.25817505588594
        ], 
        [
          -192.71303853592724, 
          197.66424572701195, 
          239.01812837836553, 
          33.915556144230095
        ], 
        [
          91.03100524445696, 
          239.01812837836553, 
          666.5620221479812, 
          -182.24915605207224
        ], 
        [
          -449.25817505588594, 
          33.915556144230095, 
          -182.24915605207224, 
          358.6865157063908
        ]
      ], 
      "n_events": 28257.0, 
      "mean": [
        -0.35757236407249754, 
        7.941293141115279, 
        11.770290453046353, 
        -5.561777464303204
      ]
    }, 
    {
      "max_amplitude": 9.999855995178223, 
      "emittance": 1.4647298862694502, 
      "cov": [
        [
          613.0608092529438, 
          -139.7432463533852, 
          86.10571237503824, 
          -345.87644053678963
        ], 
        [
          -139.7432463533852, 
          138.95976238504366, 
          163.60931141848147, 
          28.14902506974047
        ], 
        [
          86.10571237503824, 
          163.60931141848147, 
          481.40087631012307, 
          -142.48128353353107
        ], 
        [
          -345.87644053678963, 
          28.14902506974047, 
          -142.48128353353107, 
          275.5224675074969
        ]
      ], 
      "n_events": 18449.0, 
      "mean": [
        0.0679527980085422, 
        8.557981978311798, 
        13.207603626456832, 
        -6.1141843943738206
      ]
    }, 
    {
      "max_amplitude": 5.0, 
      "emittance": 0.782186087333386, 
      "cov": [
        [
          325.52663765260047, 
          -71.40632286840435, 
          52.98018258737946, 
          -186.00331578200579
        ], 
        [
          -71.40632286840435, 
          71.25155020762786, 
          81.11314118753126, 
          16.00785045285607
        ], 
        [
          52.98018258737946, 
          81.11314118753126, 
          247.545051358406, 
          -77.4026894192661
        ], 
        [
          -186.00331578200579, 
          16.00785045285607, 
          -77.4026894192661, 
          148.34543407117286
        ]
      ], 
      "n_events": 6721.0, 
      "mean": [
        0.15809114851335385, 
        9.027850348404298, 
        14.177966787698093, 
        -6.423473465603424
      ]
    }, 
    {
      "max_amplitude": 0.0, 
      "emittance": 0.782186087333386, 
      "cov": [
        [
          551.8454719309007, 
          -139.02779403178965, 
          122.26413935081749, 
          -376.3128938593606
        ], 
        [
          -139.02779403178965, 
          65.06799482119303, 
          4.2933079714434825, 
          85.48791285734873
        ], 
        [
          122.26413935081749, 
          4.2933079714434825, 
          185.75808005576562, 
          -100.91210105872136
        ], 
        [
          -376.3128938593606, 
          85.48791285734873, 
          -100.91210105872136, 
          296.530319492036
        ]
      ], 
      "n_events": 100.0, 
      "mean": [
        8.253777852728534, 
        14.14351878759028, 
        29.72722359477557, 
        -13.995335522678694
      ]
    }
  ], 
  [
    {
      "max_amplitude": 286.29290771484375, 
      "emittance": 2.818311003707835, 
      "cov": [
        [
          1017.9601189163782, 
          -236.57013775597648, 
          72.84063404435364, 
          -536.6802239489762
        ], 
        [
          -236.57013775597648, 
          277.8431136616336, 
          353.13850507928964, 
          30.803894914003276
        ], 
        [
          72.84063404435364, 
          353.13850507928964, 
          916.0440534859621, 
          -208.30826188412746
        ], 
        [
          -536.6802239489762, 
          30.803894914003276, 
          -208.30826188412746, 
          440.1324617897656
        ]
      ], 
      "n_events": 37820.0, 
      "mean": [
        -0.05209804759630066, 
        6.029769635810582, 
        8.560565550565444, 
        -4.886544521552854
      ]
    }, 
    {
      "max_amplitude": 98.13155364990234, 
      "emittance": 2.7934242984167668, 
      "cov": [
        [
          1015.0769069543825, 
          -237.28831268499536, 
          72.83915177580378, 
          -536.8535282544653
        ], 
        [
          -237.28831268499536, 
          277.70576723422556, 
          353.2831352617705, 
          30.768201237236575
        ], 
        [
          72.83915177580378, 
          353.2831352617705, 
          913.7960400161404, 
          -208.59612145761002
        ], 
        [
          -536.8535282544653, 
          30.768201237236575, 
          -208.59612145761002, 
          440.2135995300574
        ]
      ], 
      "n_events": 37794.0, 
      "mean": [
        -0.021513539246382028, 
        6.034520010960607, 
        8.569074566821106, 
        -4.892307288203381
      ]
    }, 
    {
      "max_amplitude": 92.93175506591797, 
      "emittance": 2.792846797833833, 
      "cov": [
        [
          1015.0711938097277, 
          -237.2878928150963, 
          72.9172893023467, 
          -536.8825563932832
        ], 
        [
          -237.2878928150963, 
          277.711737722071, 
          353.2768102814465, 
          30.77206377035695
        ], 
        [
          72.9172893023467, 
          353.2768102814465, 
          913.6419064195802, 
          -208.56695873507613
        ], 
        [
          -536.8825563932832, 
          30.77206377035695, 
          -208.56695873507613, 
          440.2185017906245
        ]
      ], 
      "n_events": 37793.0, 
      "mean": [
        -0.02244187498522716, 
        6.034710929379428, 
        8.571246642456076, 
        -4.892729763395773
      ]
    }, 
    {
      "max_amplitude": 89.07544708251953, 
      "emittance": 2.7906589476802957, 
      "cov": [
        [
          1014.8457313343652, 
          -237.2923207796761, 
          72.67191229237264, 
          -536.9217828346499
        ], 
        [
          -237.2923207796761, 
          277.6960280728029, 
          353.3292780184255, 
          30.73521404406703
        ], 
        [
          72.67191229237264, 
          353.3292780184255, 
          913.3320125042433, 
          -208.62135456527574
        ], 
        [
          -536.9217828346499, 
          30.73521404406703, 
          -208.62135456527574, 
          440.21740412529
        ]
      ], 
      "n_events": 37789.0, 
      "mean": [
        -0.01979526994438283, 
        6.034251457465514, 
        8.570977507152048, 
        -4.8939967860802005
      ]
    }, 
    {
      "max_amplitude": 83.59935760498047, 
      "emittance": 2.7886254877582854, 
      "cov": [
        [
          1014.8125260763665, 
          -237.31139530542512, 
          72.79366898434722, 
          -536.9179086909069
        ], 
        [
          -237.31139530542512, 
          277.7151778363791, 
          353.406096356201, 
          30.728005129697078
        ], 
        [
          72.79366898434722, 
          353.406096356201, 
          912.9419612541175, 
          -208.74114138548003
        ], 
        [
          -536.9179086909069, 
          30.728005129697078, 
          -208.74114138548003, 
          440.1957690432638
        ]
      ], 
      "n_events": 37785.0, 
      "mean": [
        -0.019739546692157925, 
        6.035242878321689, 
        8.567668800825462, 
        -4.892741641918014
      ]
    }, 
    {
      "max_amplitude": 79.59535217285156, 
      "emittance": 2.7871775030705392, 
      "cov": [
        [
          1014.6837730905148, 
          -237.41471487116007, 
          72.77655356212817, 
          -536.9199933255132
        ], 
        [
          -237.41471487116007, 
          277.6571302207187, 
          353.3412407206206, 
          30.74704059658185
        ], 
        [
          72.77655356212817, 
          353.3412407206206, 
          912.8087208564812, 
          -208.74408617251635
        ], 
        [
          -536.9199933255132, 
          30.74704059658185, 
          -208.74408617251635, 
          440.22135849588943
        ]
      ], 
      "n_events": 37782.0, 
      "mean": [
        -0.01758485479958734, 
        6.034515258203134, 
        8.564699012256883, 
        -4.893099286748026
      ]
    }, 
    {
      "max_amplitude": 73.94964599609375, 
      "emittance": 2.784503868360078, 
      "cov": [
        [
          1014.3013148552338, 
          -237.43665217018977, 
          72.45495689440219, 
          -536.9887044181685
        ], 
        [
          -237.43665217018977, 
          277.6829910048912, 
          353.418886421409, 
          30.777972874304933
        ], 
        [
          72.45495689440219, 
          353.418886421409, 
          912.3912617009257, 
          -208.84044320788743
        ], 
        [
          -536.9887044181685, 
          30.777972874304933, 
          -208.84044320788743, 
          440.2269948010256
        ]
      ], 
      "n_events": 37776.0, 
      "mean": [
        -0.01788468823747679, 
        6.036048939841173, 
        8.56383124989057, 
        -4.894682060329944
      ]
    }, 
    {
      "max_amplitude": 69.55772399902344, 
      "emittance": 2.783700528077304, 
      "cov": [
        [
          1014.2386334685157, 
          -237.51084634607784, 
          72.31299695962485, 
          -536.9658137010094
        ], 
        [
          -237.51084634607784, 
          277.66366456990363, 
          353.3748811375713, 
          30.803369054136173
        ], 
        [
          72.31299695962485, 
          353.3748811375713, 
          912.1073362749017, 
          -208.75200242984326
        ], 
        [
          -536.9658137010094, 
          30.803369054136173, 
          -208.75200242984326, 
          440.2193859189725
        ]
      ], 
      "n_events": 37774.0, 
      "mean": [
        -0.015785875754379026, 
        6.037014788034035, 
        8.567963090516907, 
        -4.895961220977373
      ]
    }, 
    {
      "max_amplitude": 64.8108901977539, 
      "emittance": 2.781460737760504, 
      "cov": [
        [
          1013.9249283678258, 
          -237.5733402266659, 
          72.23841930701764, 
          -536.9501573382356
        ], 
        [
          -237.5733402266659, 
          277.61979556960796, 
          353.33893099282614, 
          30.822219320517913
        ], 
        [
          72.23841930701764, 
          353.33893099282614, 
          911.7051336893279, 
          -208.75148273835367
        ], 
        [
          -536.9501573382356, 
          30.822219320517913, 
          -208.75148273835367, 
          440.25276866523916
        ]
      ], 
      "n_events": 37768.0, 
      "mean": [
        -0.016603565309209346, 
        6.038957295647776, 
        8.572574036761669, 
        -4.8960635006551305
      ]
    }, 
    {
      "max_amplitude": 59.31592559814453, 
      "emittance": 2.777715264337828, 
      "cov": [
        [
          1013.7892983634068, 
          -237.72406505966055, 
          71.93831265784017, 
          -537.0442350163623
        ], 
        [
          -237.72406505966055, 
          277.52934354280825, 
          353.2034521758319, 
          30.865336566376307
        ], 
        [
          71.93831265784017, 
          353.2034521758319, 
          910.7678743581914, 
          -208.84439136012435
        ], 
        [
          -537.0442350163623, 
          30.865336566376307, 
          -208.84439136012435, 
          440.26481869611274
        ]
      ], 
      "n_events": 37757.0, 
      "mean": [
        -0.015067248209029039, 
        6.037187370194699, 
        8.578115054860405, 
        -4.896537759328568
      ]
    }, 
    {
      "max_amplitude": 54.69208526611328, 
      "emittance": 2.775559004534098, 
      "cov": [
        [
          1013.4922183364214, 
          -237.91955680036855, 
          71.67994620216739, 
          -536.9491235059921
        ], 
        [
          -237.91955680036855, 
          277.4516754036074, 
          353.0616931040462, 
          30.981741639557598
        ], 
        [
          71.67994620216739, 
          353.0616931040462, 
          910.3512452274456, 
          -208.80292126687203
        ], 
        [
          -536.9491235059921, 
          30.981741639557598, 
          -208.80292126687203, 
          440.17405873664836
        ]
      ], 
      "n_events": 37750.0, 
      "mean": [
        -0.009584079207254, 
        6.042000020287983, 
        8.58613693608428, 
        -4.90053056590893
      ]
    }, 
    {
      "max_amplitude": 49.915592193603516, 
      "emittance": 2.7715505663586955, 
      "cov": [
        [
          1013.1258480730323, 
          -238.16513769148648, 
          71.43282399432371, 
          -536.9250058184624
        ], 
        [
          -238.16513769148648, 
          277.24513898116567, 
          352.8448292691079, 
          31.02686476564821
        ], 
        [
          71.43282399432371, 
          352.8448292691079, 
          909.9128255629886, 
          -208.8350288057618
        ], 
        [
          -536.9250058184624, 
          31.02686476564821, 
          -208.8350288057618, 
          440.17010682423336
        ]
      ], 
      "n_events": 37735.0, 
      "mean": [
        -0.0035782355325188124, 
        6.047288783805578, 
        8.588957295703333, 
        -4.90278251162002
      ]
    }, 
    {
      "max_amplitude": 44.96933364868164, 
      "emittance": 2.7638188300624322, 
      "cov": [
        [
          1011.9643309102429, 
          -238.40611927649954, 
          70.92456390441457, 
          -536.568664053268
        ], 
        [
          -238.40611927649954, 
          276.74918268509947, 
          352.33245574197963, 
          31.155157804539353
        ], 
        [
          70.92456390441457, 
          352.33245574197963, 
          908.6006736901986, 
          -208.6402165061901
        ], 
        [
          -536.568664053268, 
          31.155157804539353, 
          -208.6402165061901, 
          439.9320475421101
        ]
      ], 
      "n_events": 37703.0, 
      "mean": [
        0.0073454009375196186, 
        6.055757034044649, 
        8.61065365121607, 
        -4.912876197320205
      ]
    }, 
    {
      "max_amplitude": 39.95160675048828, 
      "emittance": 2.7529447644236207, 
      "cov": [
        [
          1010.2972226715202, 
          -238.29667722844312, 
          71.01081457414716, 
          -536.0722988623606
        ], 
        [
          -238.29667722844312, 
          275.6295620477514, 
          350.6982692343663, 
          31.0324840446926
        ], 
        [
          71.01081457414716, 
          350.6982692343663, 
          905.6073080932574, 
          -209.0093793766727
        ], 
        [
          -536.0722988623606, 
          31.0324840446926, 
          -209.0093793766727, 
          439.5851297627814
        ]
      ], 
      "n_events": 37650.0, 
      "mean": [
        0.011761501828380191, 
        6.073241613878275, 
        8.646746830101456, 
        -4.913970449271627
      ]
    }, 
    {
      "max_amplitude": 34.95551300048828, 
      "emittance": 2.7306402181583036, 
      "cov": [
        [
          1006.3259017318917, 
          -236.95359213432192, 
          72.45587692050903, 
          -534.6903544350686
        ], 
        [
          -236.95359213432192, 
          273.03904578653516, 
          347.44291493372964, 
          30.30106575490425
        ], 
        [
          72.45587692050903, 
          347.44291493372964, 
          899.7004797847217, 
          -210.1818084222783
        ], 
        [
          -534.6903544350686, 
          30.30106575490425, 
          -210.1818084222783, 
          438.6489459615135
        ]
      ], 
      "n_events": 37521.0, 
      "mean": [
        -0.020673300182876393, 
        6.12600440482005, 
        8.711518587928042, 
        -4.912868317933694
      ]
    }, 
    {
      "max_amplitude": 29.99360466003418, 
      "emittance": 2.6812802468022143, 
      "cov": [
        [
          997.3707151209592, 
          -235.10530163055685, 
          73.43768012690362, 
          -531.4233749390027
        ], 
        [
          -235.10530163055685, 
          268.08670047201906, 
          340.64519753979613, 
          30.31548688004373
        ], 
        [
          73.43768012690362, 
          340.64519753979613, 
          885.9444205026986, 
          -209.58765954847865
        ], 
        [
          -531.4233749390027, 
          30.31548688004373, 
          -209.58765954847865, 
          435.1866192463113
        ]
      ], 
      "n_events": 37175.0, 
      "mean": [
        -0.06263880011751324, 
        6.259783898877185, 
        8.907053220277165, 
        -4.948320290205071
      ]
    }, 
    {
      "max_amplitude": 24.999181747436523, 
      "emittance": 2.5767462022786054, 
      "cov": [
        [
          973.7079906876352, 
          -229.7299732847683, 
          78.17476091699703, 
          -522.0247943391757
        ], 
        [
          -229.7299732847683, 
          257.03701841381445, 
          324.45810707732113, 
          30.865509141783363
        ], 
        [
          78.17476091699703, 
          324.45810707732113, 
          854.0211973580335, 
          -207.57006638752713
        ], 
        [
          -522.0247943391757, 
          30.865509141783363, 
          -207.57006638752713, 
          425.98983993400435
        ]
      ], 
      "n_events": 36245.0, 
      "mean": [
        -0.12475167038585097, 
        6.551524246553593, 
        9.411658085706348, 
        -5.089057600517011
      ]
    }, 
    {
      "max_amplitude": 19.999879837036133, 
      "emittance": 2.371365354997878, 
      "cov": [
        [
          927.1247969163335, 
          -216.8296069517472, 
          86.05170974515407, 
          -502.781130121748
        ], 
        [
          -216.8296069517472, 
          234.0053779852227, 
          291.20904090111287, 
          32.1232435978581
        ], 
        [
          86.05170974515407, 
          291.20904090111287, 
          784.6998542657066, 
          -200.92917668782673
        ], 
        [
          -502.781130121748, 
          32.1232435978581, 
          -200.92917668782673, 
          406.392578941565
        ]
      ], 
      "n_events": 33886.0, 
      "mean": [
        -0.29738770390721664, 
        7.153318217069259, 
        10.377514149144169, 
        -5.3170629240009175
      ]
    }, 
    {
      "max_amplitude": 14.999631881713867, 
      "emittance": 2.0092139848932793, 
      "cov": [
        [
          813.9847830298675, 
          -184.8805551347888, 
          95.6258467337705, 
          -447.5813484160214
        ], 
        [
          -184.8805551347888, 
          193.19018457104767, 
          236.100651327006, 
          28.75389716365623
        ], 
        [
          95.6258467337705, 
          236.100651327006, 
          663.5076062726815, 
          -186.76651448302286
        ], 
        [
          -447.5813484160214, 
          28.75389716365623, 
          -186.76651448302286, 
          359.32854331695603
        ]
      ], 
      "n_events": 28457.0, 
      "mean": [
        -0.36758650332370224, 
        7.941116656122766, 
        11.954958227664648, 
        -5.659540699590977
      ]
    }, 
    {
      "max_amplitude": 9.999948501586914, 
      "emittance": 1.4664513646284585, 
      "cov": [
        [
          614.901627985629, 
          -130.72379363163208, 
          91.46510805216039, 
          -347.93645857012467
        ], 
        [
          -130.72379363163208, 
          134.13027519354836, 
          160.37516477558728, 
          20.847819688996506
        ], 
        [
          91.46510805216039, 
          160.37516477558728, 
          475.2124494631249, 
          -151.31071911194113
        ], 
        [
          -347.93645857012467, 
          20.847819688996506, 
          -151.31071911194113, 
          279.96624249246315
        ]
      ], 
      "n_events": 18683.0, 
      "mean": [
        -0.17719917797551954, 
        8.652022874311239, 
        13.450012582711988, 
        -6.019214023601208
      ]
    }, 
    {
      "max_amplitude": 5.0, 
      "emittance": 0.7807600198741385, 
      "cov": [
        [
          337.5732418951435, 
          -69.29249506712016, 
          56.271490450527395, 
          -193.95394076115164
        ], 
        [
          -69.29249506712016, 
          68.43923861614203, 
          79.52240183279152, 
          13.130621392621116
        ], 
        [
          56.271490450527395, 
          79.52240183279152, 
          248.92644361013515, 
          -82.8904866895998
        ], 
        [
          -193.95394076115164, 
          13.130621392621116, 
          -82.8904866895998, 
          154.1817280166322
        ]
      ], 
      "n_events": 6718.0, 
      "mean": [
        0.16381404084958603, 
        8.97710340440935, 
        13.925996508373217, 
        -6.183875554762229
      ]
    }, 
    {
      "max_amplitude": 0.0, 
      "emittance": 0.7807600198741385, 
      "cov": [
        [
          713.023032732503, 
          -132.41191484284806, 
          221.80862453467265, 
          -457.83527531150435
        ], 
        [
          -132.41191484284806, 
          59.22193511225066, 
          8.219204461622041, 
          62.820370181653445
        ], 
        [
          221.80862453467265, 
          8.219204461622041, 
          258.70925950784465, 
          -194.9978812284192
        ], 
        [
          -457.83527531150435, 
          62.820370181653445, 
          -194.9978812284192, 
          336.01721757647056
        ]
      ], 
      "n_events": 100.0, 
      "mean": [
        9.383148707972236, 
        13.608400902524291, 
        26.33015954001467, 
        -12.569359246550736
      ]
    }
  ]
]
