[
  [
    {
      "max_amplitude": 100.0, 
      "emittance": 2.5553382545729626, 
      "cov": [
        [
          888.9865065205296, 
          158.54244655845204, 
          -65.75910903770519, 
          -444.10564227466153
        ], 
        [
          158.54244655845204, 
          441.55475424402755, 
          573.4627385468024, 
          147.24966509569398
        ], 
        [
          -65.75910903770519, 
          573.4627385468024, 
          1306.1076172778744, 
          505.8427151685439
        ], 
        [
          -444.10564227466153, 
          147.24966509569398, 
          505.8427151685439, 
          425.6472199021207
        ]
      ], 
      "n_events": 25794.0, 
      "mean": [
        -5.975917345985667, 
        3.3783584730021583, 
        0.71306310548115, 
        4.842059887578972
      ]
    }, 
    {
      "max_amplitude": 97.68975067138672, 
      "emittance": 2.497818026611349, 
      "cov": [
        [
          887.3765843524884, 
          158.6012786480057, 
          -65.69069957371849, 
          -444.1697673641032
        ], 
        [
          158.6012786480057, 
          441.0505954967206, 
          572.8895828931232, 
          147.91539061080258
        ], 
        [
          -65.69069957371849, 
          572.8895828931232, 
          1304.617596050624, 
          507.46459829659557
        ], 
        [
          -444.1697673641032, 
          147.91539061080258, 
          507.46459829659557, 
          424.9808901597331
        ]
      ], 
      "n_events": 25758.0, 
      "mean": [
        -5.978859897814505, 
        3.376709344171299, 
        0.720236045829698, 
        4.852330621943596
      ]
    }, 
    {
      "max_amplitude": 94.97026062011719, 
      "emittance": 2.4944517530214867, 
      "cov": [
        [
          887.3945411659934, 
          158.6583247125653, 
          -65.58275415658936, 
          -444.09702263709215
        ], 
        [
          158.6583247125653, 
          441.035500908651, 
          572.8630967916462, 
          147.89819422193366
        ], 
        [
          -65.58275415658936, 
          572.8630967916462, 
          1304.5023684440437, 
          507.4802698105445
        ], 
        [
          -444.09702263709215, 
          147.89819422193366, 
          507.4802698105445, 
          424.8188743706791
        ]
      ], 
      "n_events": 25754.0, 
      "mean": [
        -5.974747780482511, 
        3.3749335824704025, 
        0.7144993291873878, 
        4.848156092032434
      ]
    }, 
    {
      "max_amplitude": 88.76593017578125, 
      "emittance": 2.491286724632304, 
      "cov": [
        [
          887.1462931615221, 
          158.69075496911358, 
          -65.78111546936776, 
          -444.1916727356555
        ], 
        [
          158.69075496911358, 
          441.09342573323323, 
          572.989421228656, 
          147.90963541812386
        ], 
        [
          -65.78111546936776, 
          572.989421228656, 
          1304.4502649463552, 
          507.56552044794455
        ], 
        [
          -444.1916727356555, 
          147.90963541812386, 
          507.56552044794455, 
          424.8589252277322
        ]
      ], 
      "n_events": 25750.0, 
      "mean": [
        -5.973020523536191, 
        3.375032951916813, 
        0.7121442333938611, 
        4.847280378164817
      ]
    }, 
    {
      "max_amplitude": 83.45831298828125, 
      "emittance": 2.4882317597229, 
      "cov": [
        [
          887.0734237191286, 
          158.68930080126, 
          -65.70961985685092, 
          -444.26168398382816
        ], 
        [
          158.68930080126, 
          441.14302820901935, 
          573.0783111855244, 
          147.90278716537733
        ], 
        [
          -65.70961985685092, 
          573.0783111855244, 
          1304.5849114828743, 
          507.58898397266694
        ], 
        [
          -444.26168398382816, 
          147.90278716537733, 
          507.58898397266694, 
          424.82395795756776
        ]
      ], 
      "n_events": 25746.0, 
      "mean": [
        -5.972708945456952, 
        3.3765606413644136, 
        0.7128018576927517, 
        4.849896210862238
      ]
    }, 
    {
      "max_amplitude": 79.5909652709961, 
      "emittance": 2.4853692085407233, 
      "cov": [
        [
          887.0448427473599, 
          158.70878327310152, 
          -65.69052121473868, 
          -444.2652005634651
        ], 
        [
          158.70878327310152, 
          441.20402141965354, 
          573.1867584497827, 
          147.9225123454078
        ], 
        [
          -65.69052121473868, 
          573.1867584497827, 
          1304.701891027266, 
          507.7198483445171
        ], 
        [
          -444.2652005634651, 
          147.9225123454078, 
          507.7198483445171, 
          424.7859805890293
        ]
      ], 
      "n_events": 25742.0, 
      "mean": [
        -5.967774014760525, 
        3.3764829029156282, 
        0.7126957894211223, 
        4.847492196880946
      ]
    }, 
    {
      "max_amplitude": 73.36676788330078, 
      "emittance": 2.481420323022319, 
      "cov": [
        [
          886.8853014198758, 
          158.70608835738804, 
          -65.83546883009637, 
          -444.232635355585
        ], 
        [
          158.70608835738804, 
          441.27034169113097, 
          573.3334258438109, 
          147.94770126207786
        ], 
        [
          -65.83546883009637, 
          573.3334258438109, 
          1304.7259527050264, 
          507.7661977207309
        ], 
        [
          -444.232635355585, 
          147.94770126207786, 
          507.7661977207309, 
          424.61636399598456
        ]
      ], 
      "n_events": 25736.0, 
      "mean": [
        -5.9598287913066565, 
        3.3779611771630456, 
        0.7175834567847765, 
        4.845735385322924
      ]
    }, 
    {
      "max_amplitude": 68.68632507324219, 
      "emittance": 2.477130128487061, 
      "cov": [
        [
          886.6997727257069, 
          158.8148054448814, 
          -65.79831629334687, 
          -444.1576933702479
        ], 
        [
          158.8148054448814, 
          441.2137841461038, 
          573.2867172897294, 
          147.97730281212438
        ], 
        [
          -65.79831629334687, 
          573.2867172897294, 
          1304.6974575635447, 
          507.94819152396377
        ], 
        [
          -444.1576933702479, 
          147.97730281212438, 
          507.94819152396377, 
          424.56833319203207
        ]
      ], 
      "n_events": 25729.0, 
      "mean": [
        -5.9616389702887735, 
        3.3754437589978195, 
        0.7177368202445334, 
        4.845817868538859
      ]
    }, 
    {
      "max_amplitude": 64.79792785644531, 
      "emittance": 2.473717949117682, 
      "cov": [
        [
          886.6307449633558, 
          158.8199018180062, 
          -65.80858793510836, 
          -444.18190400357724
        ], 
        [
          158.8199018180062, 
          441.18467597199015, 
          573.3461180367564, 
          147.94987932184506
        ], 
        [
          -65.80858793510836, 
          573.3461180367564, 
          1304.522983890834, 
          507.9522876800582
        ], 
        [
          -444.18190400357724, 
          147.94987932184506, 
          507.9522876800582, 
          424.49755674173133
        ]
      ], 
      "n_events": 25723.0, 
      "mean": [
        -5.966697980642865, 
        3.373598728924341, 
        0.722999161402552, 
        4.846458762943429
      ]
    }, 
    {
      "max_amplitude": 58.90177536010742, 
      "emittance": 2.4695788321970347, 
      "cov": [
        [
          886.7154847125722, 
          158.95709277495112, 
          -65.70735687453077, 
          -444.29977439076544
        ], 
        [
          158.95709277495112, 
          441.2140771662741, 
          573.4075993790684, 
          147.93258416444036
        ], 
        [
          -65.70735687453077, 
          573.4075993790684, 
          1304.6506575734952, 
          507.98307835924555
        ], 
        [
          -444.29977439076544, 
          147.93258416444036, 
          507.98307835924555, 
          424.4572123284139
        ]
      ], 
      "n_events": 25715.0, 
      "mean": [
        -5.965086195616268, 
        3.3720516475871283, 
        0.7206327312848998, 
        4.8426399773859
      ]
    }, 
    {
      "max_amplitude": 54.846187591552734, 
      "emittance": 2.4635823490331674, 
      "cov": [
        [
          886.2003416231013, 
          159.3187902611871, 
          -65.11020287239133, 
          -444.0652973556789
        ], 
        [
          159.3187902611871, 
          440.9115916016457, 
          573.1457036393628, 
          147.76836328211982
        ], 
        [
          -65.11020287239133, 
          573.1457036393628, 
          1304.3362619671407, 
          507.81714621542625
        ], 
        [
          -444.0652973556789, 
          147.76836328211982, 
          507.81714621542625, 
          424.2827196157479
        ]
      ], 
      "n_events": 25702.0, 
      "mean": [
        -5.959512185646483, 
        3.368838704028718, 
        0.7138960871679484, 
        4.839943266963033
      ]
    }, 
    {
      "max_amplitude": 49.9434700012207, 
      "emittance": 2.4565680975307536, 
      "cov": [
        [
          884.7722596618462, 
          159.16062195062563, 
          -65.62410940961854, 
          -443.6722103630199
        ], 
        [
          159.16062195062563, 
          440.7869268519655, 
          573.0583224671196, 
          147.93380979659923
        ], 
        [
          -65.62410940961854, 
          573.0583224671196, 
          1304.103289801931, 
          508.28327911703286
        ], 
        [
          -443.6722103630199, 
          147.93380979659923, 
          508.28327911703286, 
          424.2069141274962
        ]
      ], 
      "n_events": 25685.0, 
      "mean": [
        -5.969854361923714, 
        3.3657352850037157, 
        0.7121625851306578, 
        4.842497294640512
      ]
    }, 
    {
      "max_amplitude": 44.76620864868164, 
      "emittance": 2.4460011296355195, 
      "cov": [
        [
          883.8124586152334, 
          159.49449282687593, 
          -65.67154449382022, 
          -443.03086576009923
        ], 
        [
          159.49449282687593, 
          439.74933005493546, 
          572.160820300278, 
          147.68376180361727
        ], 
        [
          -65.67154449382022, 
          572.160820300278, 
          1303.1164336111183, 
          508.3636916107192
        ], 
        [
          -443.03086576009923, 
          147.68376180361727, 
          508.3636916107192, 
          423.70050334859303
        ]
      ], 
      "n_events": 25656.0, 
      "mean": [
        -5.962291318562853, 
        3.3749562140170357, 
        0.7144334262488502, 
        4.835396726249754
      ]
    }, 
    {
      "max_amplitude": 39.9464225769043, 
      "emittance": 2.4326865566058427, 
      "cov": [
        [
          882.969299822313, 
          159.8152007212273, 
          -65.97793302203279, 
          -442.74628273472376
        ], 
        [
          159.8152007212273, 
          438.919280372769, 
          571.6763748475312, 
          147.3927658883449
        ], 
        [
          -65.97793302203279, 
          571.6763748475312, 
          1302.6011070458287, 
          508.4004348653824
        ], 
        [
          -442.74628273472376, 
          147.3927658883449, 
          508.4004348653824, 
          423.2138274769054
        ]
      ], 
      "n_events": 25614.0, 
      "mean": [
        -5.973194263580705, 
        3.3691460727336273, 
        0.6904627618042587, 
        4.839419350900164
      ]
    }, 
    {
      "max_amplitude": 34.87884521484375, 
      "emittance": 2.4077055932850255, 
      "cov": [
        [
          879.3058337742995, 
          160.90280963480353, 
          -66.30857152936123, 
          -441.34702550847976
        ], 
        [
          160.90280963480353, 
          437.1598490485912, 
          570.7521402620367, 
          146.8782276467357
        ], 
        [
          -66.30857152936123, 
          570.7521402620367, 
          1300.4952982480659, 
          508.77571496518374
        ], 
        [
          -441.34702550847976, 
          146.8782276467357, 
          508.77571496518374, 
          422.61411454009084
        ]
      ], 
      "n_events": 25521.0, 
      "mean": [
        -5.979681607586253, 
        3.3723320385184183, 
        0.6663399612837264, 
        4.839606053712414
      ]
    }, 
    {
      "max_amplitude": 29.956745147705078, 
      "emittance": 2.3603661319773246, 
      "cov": [
        [
          870.8862156601535, 
          163.2277428640468, 
          -65.74625568578524, 
          -437.36952748647997
        ], 
        [
          163.2277428640468, 
          433.43553219819046, 
          567.3860835161934, 
          145.01020759295653
        ], 
        [
          -65.74625568578524, 
          567.3860835161934, 
          1294.927327649036, 
          508.05655403218566
        ], 
        [
          -437.36952748647997, 
          145.01020759295653, 
          508.05655403218566, 
          420.0642871585536
        ]
      ], 
      "n_events": 25308.0, 
      "mean": [
        -5.956871938933037, 
        3.3669061849343227, 
        0.6510472859903274, 
        4.832438225902075
      ]
    }, 
    {
      "max_amplitude": 24.999248504638672, 
      "emittance": 2.2865792637399256, 
      "cov": [
        [
          853.4544468769398, 
          165.35400825970297, 
          -67.21665790731991, 
          -428.85114605882217
        ], 
        [
          165.35400825970297, 
          427.90850929458503, 
          563.7213063601977, 
          143.52432507798073
        ], 
        [
          -67.21665790731991, 
          563.7213063601977, 
          1287.1246636385736, 
          507.95433069349076
        ], 
        [
          -428.85114605882217, 
          143.52432507798073, 
          507.95433069349076, 
          415.02825685315975
        ]
      ], 
      "n_events": 24892.0, 
      "mean": [
        -5.947318271483607, 
        3.3210381524985118, 
        0.6104253717354341, 
        4.830650923607354
      ]
    }, 
    {
      "max_amplitude": 19.99257469177246, 
      "emittance": 2.151332063259021, 
      "cov": [
        [
          821.7804127519744, 
          167.51716366962094, 
          -70.72959818890207, 
          -414.1357451965712
        ], 
        [
          167.51716366962094, 
          416.7360655923789, 
          556.2186866482675, 
          140.5791997419806
        ], 
        [
          -70.72959818890207, 
          556.2186866482675, 
          1270.2724957137657, 
          507.0758396160083
        ], 
        [
          -414.1357451965712, 
          140.5791997419806, 
          507.0758396160083, 
          406.2533490715646
        ]
      ], 
      "n_events": 23892.0, 
      "mean": [
        -5.87530877244774, 
        3.3119857701948683, 
        0.582387186066776, 
        4.803094951725176
      ]
    }, 
    {
      "max_amplitude": 14.999788284301758, 
      "emittance": 1.868838489370645, 
      "cov": [
        [
          735.0360102632022, 
          158.7019074708494, 
          -79.81889596714001, 
          -376.51221673228736
        ], 
        [
          158.7019074708494, 
          387.04389776854526, 
          535.7690983169668, 
          138.15981177951724
        ], 
        [
          -79.81889596714001, 
          535.7690983169668, 
          1230.7016852692557, 
          502.25593840074845
        ], 
        [
          -376.51221673228736, 
          138.15981177951724, 
          502.25593840074845, 
          384.6671841504476
        ]
      ], 
      "n_events": 21075.0, 
      "mean": [
        -5.564707125422708, 
        3.149855408840427, 
        0.4705930885148359, 
        4.675665053026221
      ]
    }, 
    {
      "max_amplitude": 9.999957084655762, 
      "emittance": 1.4043014451172968, 
      "cov": [
        [
          547.8920547527161, 
          115.57304735301304, 
          -94.55755006717976, 
          -294.7851415580989
        ], 
        [
          115.57304735301304, 
          325.21665012642546, 
          485.27260169783676, 
          140.06648958495492
        ], 
        [
          -94.55755006717976, 
          485.27260169783676, 
          1125.5594536556532, 
          476.43619873796376
        ], 
        [
          -294.7851415580989, 
          140.06648958495492, 
          476.43619873796376, 
          334.1498232345992
        ]
      ], 
      "n_events": 15011.0, 
      "mean": [
        -5.487722197210099, 
        2.9799561944227375, 
        0.6131815563168734, 
        4.695782205910053
      ]
    }, 
    {
      "max_amplitude": 5.0, 
      "emittance": 0.7588778889683404, 
      "cov": [
        [
          269.45150908285655, 
          56.0952324352383, 
          -71.14781724916679, 
          -156.16132864136938
        ], 
        [
          56.0952324352383, 
          203.35446408900688, 
          317.9687105677411, 
          101.55100859486365
        ], 
        [
          -71.14781724916679, 
          317.9687105677411, 
          733.5221436174849, 
          319.35702755286445
        ], 
        [
          -156.16132864136938, 
          101.55100859486365, 
          319.35702755286445, 
          205.1394569683955
        ]
      ], 
      "n_events": 5756.0, 
      "mean": [
        -5.168203398546554, 
        3.167865571815145, 
        1.5993396934647077, 
        4.979916617123095
      ]
    }, 
    {
      "max_amplitude": 0.0, 
      "emittance": 0.7588778889683404, 
      "cov": [
        [
          372.9077468630326, 
          81.12020091702621, 
          -174.85074270114615, 
          -244.75085947640673
        ], 
        [
          81.12020091702621, 
          534.3966519460713, 
          980.4116317263041, 
          357.19632601483676
        ], 
        [
          -174.85074270114615, 
          980.4116317263041, 
          2206.994697902033, 
          959.7103038090617
        ], 
        [
          -244.75085947640673, 
          357.19632601483676, 
          959.7103038090617, 
          502.0940275698787
        ]
      ], 
      "n_events": 100.0, 
      "mean": [
        -4.452881484360737, 
        4.3564471364109965, 
        6.688869735031347, 
        6.134735284083419
      ]
    }
  ], 
  [
    {
      "max_amplitude": 449.5558166503906, 
      "emittance": 2.546741967407841, 
      "cov": [
        [
          877.3463959196856, 
          155.62678789614182, 
          -70.6516937453387, 
          -438.7692318423151
        ], 
        [
          155.62678789614182, 
          432.3869215030519, 
          558.6435672886621, 
          143.59016143538142
        ], 
        [
          -70.6516937453387, 
          558.6435672886621, 
          1285.654517984951, 
          500.7887579406931
        ], 
        [
          -438.7692318423151, 
          143.59016143538142, 
          500.7887579406931, 
          421.09385298313816
        ]
      ], 
      "n_events": 25706.0, 
      "mean": [
        -5.940911875123871, 
        3.3200072270476313, 
        0.6035724250384782, 
        4.781337968545652
      ]
    }, 
    {
      "max_amplitude": 98.28498077392578, 
      "emittance": 2.4730958245844747, 
      "cov": [
        [
          874.4952038131887, 
          155.90070837481605, 
          -70.35038770720325, 
          -439.2815868775929
        ], 
        [
          155.90070837481605, 
          432.20141861439026, 
          558.5155904707754, 
          144.17557613295943
        ], 
        [
          -70.35038770720325, 
          558.5155904707754, 
          1283.9324656900376, 
          502.4929944957709
        ], 
        [
          -439.2815868775929, 
          144.17557613295943, 
          502.4929944957709, 
          420.5970389539699
        ]
      ], 
      "n_events": 25660.0, 
      "mean": [
        -5.957195971724879, 
        3.3253258149141423, 
        0.5920684424364535, 
        4.779236494257936
      ]
    }, 
    {
      "max_amplitude": 91.88216400146484, 
      "emittance": 2.4705455519813704, 
      "cov": [
        [
          874.3949941145897, 
          155.90958709046515, 
          -70.30549661567161, 
          -439.2277661710463
        ], 
        [
          155.90958709046515, 
          432.1881692921593, 
          558.4364071936631, 
          144.19206311408684
        ], 
        [
          -70.30549661567161, 
          558.4364071936631, 
          1283.7246010755741, 
          502.4952457567511
        ], 
        [
          -439.2277661710463, 
          144.19206311408684, 
          502.4952457567511, 
          420.50419418351373
        ]
      ], 
      "n_events": 25657.0, 
      "mean": [
        -5.953391465749159, 
        3.3271952824007816, 
        0.594977899884046, 
        4.777291581610258
      ]
    }, 
    {
      "max_amplitude": 89.29559326171875, 
      "emittance": 2.466501151077597, 
      "cov": [
        [
          874.2416604103537, 
          155.9030701000464, 
          -70.39677830465166, 
          -439.31322228683837
        ], 
        [
          155.9030701000464, 
          432.2104833142015, 
          558.4877259645453, 
          144.19763690606396
        ], 
        [
          -70.39677830465166, 
          558.4877259645453, 
          1283.7283772624764, 
          502.6380740426667
        ], 
        [
          -439.31322228683837, 
          144.19763690606396, 
          502.6380740426667, 
          420.5174880496251
        ]
      ], 
      "n_events": 25652.0, 
      "mean": [
        -5.955683869101251, 
        3.3272339086682923, 
        0.5954994578042793, 
        4.77518648235123
      ]
    }, 
    {
      "max_amplitude": 84.90898895263672, 
      "emittance": 2.462681466916577, 
      "cov": [
        [
          874.2066106125988, 
          155.8479947450563, 
          -70.43881598113659, 
          -439.3021558718828
        ], 
        [
          155.8479947450563, 
          432.1571852934294, 
          558.4695881516731, 
          144.27226320525307
        ], 
        [
          -70.43881598113659, 
          558.4695881516731, 
          1283.787181882031, 
          502.73206873478404
        ], 
        [
          -439.3021558718828, 
          144.27226320525307, 
          502.73206873478404, 
          420.3979192900081
        ]
      ], 
      "n_events": 25647.0, 
      "mean": [
        -5.952251417288804, 
        3.32602551720374, 
        0.593854976280127, 
        4.77402344080956
      ]
    }, 
    {
      "max_amplitude": 79.78632354736328, 
      "emittance": 2.4563384676718383, 
      "cov": [
        [
          874.1292865918056, 
          155.85570052579305, 
          -70.59236625804458, 
          -439.430223308552
        ], 
        [
          155.85570052579305, 
          431.9535214041265, 
          558.148721741825, 
          144.3239234456177
        ], 
        [
          -70.59236625804458, 
          558.148721741825, 
          1283.270275927498, 
          502.9490161982243
        ], 
        [
          -439.430223308552, 
          144.3239234456177, 
          502.9490161982243, 
          420.4624490788413
        ]
      ], 
      "n_events": 25638.0, 
      "mean": [
        -5.956014814976446, 
        3.324741504171053, 
        0.5893908190422166, 
        4.77311434743416
      ]
    }, 
    {
      "max_amplitude": 74.69623565673828, 
      "emittance": 2.4530017842290053, 
      "cov": [
        [
          873.9171318928713, 
          155.8171161923277, 
          -70.6706076252524, 
          -439.28174003865115
        ], 
        [
          155.8171161923277, 
          431.9200037642384, 
          558.1149217905748, 
          144.39076085184274
        ], 
        [
          -70.6706076252524, 
          558.1149217905748, 
          1283.207802777291, 
          503.11203841325647
        ], 
        [
          -439.28174003865115, 
          144.39076085184274, 
          503.11203841325647, 
          420.33105364663845
        ]
      ], 
      "n_events": 25633.0, 
      "mean": [
        -5.954187218818192, 
        3.3217889569337227, 
        0.5883150683852307, 
        4.770597384809196
      ]
    }, 
    {
      "max_amplitude": 69.85916137695312, 
      "emittance": 2.4493625197418276, 
      "cov": [
        [
          874.0246635334812, 
          155.8972869869451, 
          -70.50207401619623, 
          -439.37383145613467
        ], 
        [
          155.8972869869451, 
          431.9115846606423, 
          558.1418465643881, 
          144.4110919473811
        ], 
        [
          -70.50207401619623, 
          558.1418465643881, 
          1282.931544773036, 
          503.2031166109643
        ], 
        [
          -439.37383145613467, 
          144.4110919473811, 
          503.2031166109643, 
          420.4043201645587
        ]
      ], 
      "n_events": 25627.0, 
      "mean": [
        -5.950238584509275, 
        3.3196795092052507, 
        0.5778395873808311, 
        4.770964989416129
      ]
    }, 
    {
      "max_amplitude": 64.85655975341797, 
      "emittance": 2.4465360390800543, 
      "cov": [
        [
          874.0812307852758, 
          155.87451547872615, 
          -70.44802499550754, 
          -439.3986771488511
        ], 
        [
          155.87451547872615, 
          431.7359603973572, 
          557.9417984428906, 
          144.46263258446612
        ], 
        [
          -70.44802499550754, 
          557.9417984428906, 
          1282.543425343386, 
          503.2528216114179
        ], 
        [
          -439.3986771488511, 
          144.46263258446612, 
          503.2528216114179, 
          420.41800139062155
        ]
      ], 
      "n_events": 25622.0, 
      "mean": [
        -5.950204269898278, 
        3.3223950456382934, 
        0.5813563968240886, 
        4.773371722171864
      ]
    }, 
    {
      "max_amplitude": 58.902381896972656, 
      "emittance": 2.4408921337636547, 
      "cov": [
        [
          874.118150390243, 
          155.87488604480097, 
          -70.63208645771368, 
          -439.4744717700848
        ], 
        [
          155.87488604480097, 
          431.63789225617603, 
          557.6915499805901, 
          144.5736789831605
        ], 
        [
          -70.63208645771368, 
          557.6915499805901, 
          1281.6190404829347, 
          503.45603921334254
        ], 
        [
          -439.4744717700848, 
          144.5736789831605, 
          503.45603921334254, 
          420.47966955752315
        ]
      ], 
      "n_events": 25611.0, 
      "mean": [
        -5.948020682545044, 
        3.3252666685155923, 
        0.5899377221480334, 
        4.773146563250202
      ]
    }, 
    {
      "max_amplitude": 54.34772491455078, 
      "emittance": 2.4385918290734363, 
      "cov": [
        [
          873.9926310536417, 
          156.02071157484733, 
          -70.50980649827086, 
          -439.47963871517806
        ], 
        [
          156.02071157484733, 
          431.61332466589323, 
          557.6575535675527, 
          144.52042086660882
        ], 
        [
          -70.50980649827086, 
          557.6575535675527, 
          1281.447852677195, 
          503.4214176807297
        ], 
        [
          -439.47963871517806, 
          144.52042086660882, 
          503.4214176807297, 
          420.47561130329524
        ]
      ], 
      "n_events": 25606.0, 
      "mean": [
        -5.941914800359376, 
        3.323002051394998, 
        0.5848088171812692, 
        4.7703454041021
      ]
    }, 
    {
      "max_amplitude": 49.259307861328125, 
      "emittance": 2.43281968815453, 
      "cov": [
        [
          873.4069996854852, 
          156.09554578951943, 
          -70.60063832173913, 
          -439.2720632743749
        ], 
        [
          156.09554578951943, 
          431.47742042306027, 
          557.6044093964197, 
          144.5656772849521
        ], 
        [
          -70.60063832173913, 
          557.6044093964197, 
          1281.1902202318524, 
          503.61578962118784
        ], 
        [
          -439.2720632743749, 
          144.5656772849521, 
          503.61578962118784, 
          420.36873756138544
        ]
      ], 
      "n_events": 25592.0, 
      "mean": [
        -5.936998849269795, 
        3.321780651228663, 
        0.5884486051177805, 
        4.770293838793061
      ]
    }, 
    {
      "max_amplitude": 44.28056716918945, 
      "emittance": 2.424767915234324, 
      "cov": [
        [
          872.125145196214, 
          156.73774132452309, 
          -70.42153941808334, 
          -438.8108652301454
        ], 
        [
          156.73774132452309, 
          430.6999173981224, 
          556.9796049322744, 
          144.20996043602122
        ], 
        [
          -70.42153941808334, 
          556.9796049322744, 
          1280.7022570603733, 
          503.533640828227
        ], 
        [
          -438.8108652301454, 
          144.20996043602122, 
          503.533640828227, 
          420.12829121402444
        ]
      ], 
      "n_events": 25570.0, 
      "mean": [
        -5.947955931111319, 
        3.3262040353313775, 
        0.5880376361636875, 
        4.772410118973049
      ]
    }, 
    {
      "max_amplitude": 39.7832145690918, 
      "emittance": 2.408255291617737, 
      "cov": [
        [
          870.2845626262372, 
          157.1564414870276, 
          -70.87929169952827, 
          -438.2855450242386
        ], 
        [
          157.1564414870276, 
          430.0232437198444, 
          556.5137426672643, 
          144.0618996343641
        ], 
        [
          -70.87929169952827, 
          556.5137426672643, 
          1279.7944542660196, 
          503.8148955764434
        ], 
        [
          -438.2855450242386, 
          144.0618996343641, 
          503.8148955764434, 
          419.74250151402515
        ]
      ], 
      "n_events": 25518.0, 
      "mean": [
        -5.959646221338619, 
        3.334078717369905, 
        0.5838462233498921, 
        4.7777324905035075
      ]
    }, 
    {
      "max_amplitude": 34.986328125, 
      "emittance": 2.3871195002355727, 
      "cov": [
        [
          866.3479643109598, 
          157.80894506555728, 
          -71.70194944434142, 
          -436.51587538640285
        ], 
        [
          157.80894506555728, 
          428.8529768783924, 
          555.5727780430911, 
          143.5184804105098
        ], 
        [
          -71.70194944434142, 
          555.5727780430911, 
          1278.128584614918, 
          504.12619010827206
        ], 
        [
          -436.51587538640285, 
          143.5184804105098, 
          504.12619010827206, 
          418.5755904454123
        ]
      ], 
      "n_events": 25440.0, 
      "mean": [
        -5.975601382232258, 
        3.333099115189714, 
        0.5712205433226306, 
        4.787392346638097
      ]
    }, 
    {
      "max_amplitude": 29.9647159576416, 
      "emittance": 2.3446260139538877, 
      "cov": [
        [
          859.3377703224277, 
          159.79360124633325, 
          -70.68751569337317, 
          -432.8050591693394
        ], 
        [
          159.79360124633325, 
          424.7430064707094, 
          552.2293283870129, 
          142.06734514450625
        ], 
        [
          -70.68751569337317, 
          552.2293283870129, 
          1272.816157363599, 
          503.60918262615417
        ], 
        [
          -432.8050591693394, 
          142.06734514450625, 
          503.60918262615417, 
          416.4054554859647
        ]
      ], 
      "n_events": 25251.0, 
      "mean": [
        -5.97542103284293, 
        3.2938101402810016, 
        0.5027286940142954, 
        4.780204708056157
      ]
    }, 
    {
      "max_amplitude": 24.974809646606445, 
      "emittance": 2.27162469083924, 
      "cov": [
        [
          844.4561982532618, 
          162.61088199459442, 
          -72.38997398472712, 
          -426.3085789206654
        ], 
        [
          162.61088199459442, 
          419.3520208622911, 
          548.2499046050449, 
          140.01354497387507
        ], 
        [
          -72.38997398472712, 
          548.2499046050449, 
          1263.6889109090932, 
          502.9221690828979
        ], 
        [
          -426.3085789206654, 
          140.01354497387507, 
          502.9221690828979, 
          412.40015303622965
        ]
      ], 
      "n_events": 24840.0, 
      "mean": [
        -5.944158503959451, 
        3.2445226043117765, 
        0.43094604940182485, 
        4.737084256697376
      ]
    }, 
    {
      "max_amplitude": 19.999366760253906, 
      "emittance": 2.1309918395110263, 
      "cov": [
        [
          808.6475093878796, 
          164.2745652940266, 
          -74.89999540581844, 
          -409.64946139547084
        ], 
        [
          164.2745652940266, 
          409.1955503601413, 
          541.6654788755374, 
          137.96091330534583
        ], 
        [
          -74.89999540581844, 
          541.6654788755374, 
          1248.0561313444796, 
          501.50614560109994
        ], 
        [
          -409.64946139547084, 
          137.96091330534583, 
          501.50614560109994, 
          402.3758312685326
        ]
      ], 
      "n_events": 23815.0, 
      "mean": [
        -5.930567779954715, 
        3.179470398163508, 
        0.33979742420061754, 
        4.711536114867825
      ]
    }, 
    {
      "max_amplitude": 14.999505043029785, 
      "emittance": 1.8620070493095229, 
      "cov": [
        [
          725.5767317236534, 
          157.84545309613756, 
          -82.67926942936333, 
          -372.38974454225365
        ], 
        [
          157.84545309613756, 
          382.9904095713023, 
          523.2801734587774, 
          135.11616128155458
        ], 
        [
          -82.67926942936333, 
          523.2801734587774, 
          1208.3645969141994, 
          496.0095247755616
        ], 
        [
          -372.38974454225365, 
          135.11616128155458, 
          496.0095247755616, 
          380.46521333279793
        ]
      ], 
      "n_events": 21164.0, 
      "mean": [
        -5.815297797374467, 
        3.1335040607684097, 
        0.41516921939596774, 
        4.68598149997041
      ]
    }, 
    {
      "max_amplitude": 9.999886512756348, 
      "emittance": 1.4068042093226683, 
      "cov": [
        [
          545.1910947807304, 
          112.39184673248542, 
          -97.41346873013654, 
          -293.526030778607
        ], 
        [
          112.39184673248542, 
          325.6621833339648, 
          477.2631778905896, 
          140.12483394320535
        ], 
        [
          -97.41346873013654, 
          477.2631778905896, 
          1106.8906006588936, 
          473.55390517178074
        ], 
        [
          -293.526030778607, 
          140.12483394320535, 
          473.55390517178074, 
          332.6249925475074
        ]
      ], 
      "n_events": 15209.0, 
      "mean": [
        -5.726802146236406, 
        2.9736052027892312, 
        0.4704804705273529, 
        4.697371356138872
      ]
    }, 
    {
      "max_amplitude": 5.0, 
      "emittance": 0.767522473361468, 
      "cov": [
        [
          292.0470656529949, 
          59.65153256966915, 
          -70.72846265896277, 
          -163.70813681483324
        ], 
        [
          59.65153256966915, 
          197.82659507419484, 
          305.98116547549216, 
          97.0073611862414
        ], 
        [
          -70.72846265896277, 
          305.98116547549216, 
          715.0486418442425, 
          313.64319273638796
        ], 
        [
          -163.70813681483324, 
          97.0073611862414, 
          313.64319273638796, 
          205.40351892580378
        ]
      ], 
      "n_events": 5816.0, 
      "mean": [
        -5.192128141858284, 
        2.8651129841433494, 
        0.5160053593748721, 
        4.588032546801414
      ]
    }, 
    {
      "max_amplitude": 0.0, 
      "emittance": 0.767522473361468, 
      "cov": [
        [
          389.85927915629, 
          -3.3778644921827805, 
          -345.69048147524444, 
          -320.4965553549507
        ], 
        [
          -3.3778644921827805, 
          448.4965239488368, 
          879.9607894735077, 
          359.326613937368
        ], 
        [
          -345.69048147524444, 
          879.9607894735077, 
          2179.8743436873483, 
          1035.1599855784602
        ], 
        [
          -320.4965553549507, 
          359.326613937368, 
          1035.1599855784602, 
          568.7691813102082
        ]
      ], 
      "n_events": 100.0, 
      "mean": [
        -8.903416844540022, 
        -2.685636871628018, 
        -4.408284526086062, 
        4.118598532723636
      ]
    }
  ]
]
