[
  [
    {
      "max_amplitude": 100.0, 
      "emittance": 2.962024479973936, 
      "cov": [
        [
          4033.3198567483983, 
          -364.1367138442981, 
          677.3715831958559, 
          -1484.4287176122573
        ], 
        [
          -364.1367138442981, 
          410.33869186465506, 
          1065.5689950369158, 
          -18.15391573497636
        ], 
        [
          677.3715831958559, 
          1065.5689950369158, 
          3698.0112984705247, 
          -694.6939834257588
        ], 
        [
          -1484.4287176122573, 
          -18.15391573497636, 
          -694.6939834257588, 
          636.544252751927
        ]
      ], 
      "n_events": 24129.0, 
      "mean": [
        -0.5458297854891716, 
        -0.36250693006268925, 
        -1.5964631181707742, 
        -2.403237590488316
      ]
    }, 
    {
      "max_amplitude": 99.10919952392578, 
      "emittance": 2.938129896537969, 
      "cov": [
        [
          4032.5432428337012, 
          -364.3249731828267, 
          676.6528091733475, 
          -1483.9472205307645
        ], 
        [
          -364.3249731828267, 
          409.71319520632136, 
          1064.869087121251, 
          -18.207315796023014
        ], 
        [
          676.6528091733475, 
          1064.869087121251, 
          3696.494385283102, 
          -694.2797896963098
        ], 
        [
          -1483.9472205307645, 
          -18.207315796023014, 
          -694.2797896963098, 
          636.089838632038
        ]
      ], 
      "n_events": 24111.0, 
      "mean": [
        -0.5334571719840077, 
        -0.3613830702216235, 
        -1.5997019688691296, 
        -2.402193923631393
      ]
    }, 
    {
      "max_amplitude": 94.58206939697266, 
      "emittance": 2.935466542447582, 
      "cov": [
        [
          4032.8260128521115, 
          -364.4178465025993, 
          676.6656667289635, 
          -1484.0313016375173
        ], 
        [
          -364.4178465025993, 
          409.62119544879266, 
          1064.8208620750027, 
          -18.186033582378734
        ], 
        [
          676.6656667289635, 
          1064.8208620750027, 
          3696.704725654124, 
          -694.3378964260654
        ], 
        [
          -1484.0313016375173, 
          -18.186033582378734, 
          -694.3378964260654, 
          636.1206588820393
        ]
      ], 
      "n_events": 24108.0, 
      "mean": [
        -0.536348147041246, 
        -0.35978533848041255, 
        -1.5988752941844375, 
        -2.4012178581660173
      ]
    }, 
    {
      "max_amplitude": 87.7110824584961, 
      "emittance": 2.9338084318013635, 
      "cov": [
        [
          4032.0365759183583, 
          -364.4111156215219, 
          676.6211233466896, 
          -1483.748990342985
        ], 
        [
          -364.4111156215219, 
          409.63095832294624, 
          1064.880348120628, 
          -18.158016393306532
        ], 
        [
          676.6211233466896, 
          1064.880348120628, 
          3696.957427607771, 
          -694.2992561519686
        ], 
        [
          -1483.748990342985, 
          -18.158016393306532, 
          -694.2992561519686, 
          635.9473504878285
        ]
      ], 
      "n_events": 24106.0, 
      "mean": [
        -0.536385100013809, 
        -0.3584026367132284, 
        -1.5969468705856684, 
        -2.403778157377806
      ]
    }, 
    {
      "max_amplitude": 83.39117431640625, 
      "emittance": 2.9307271798223864, 
      "cov": [
        [
          4031.556798857044, 
          -364.19895497090306, 
          676.4814936751853, 
          -1483.4522044940593
        ], 
        [
          -364.19895497090306, 
          409.6241677703457, 
          1065.132451450104, 
          -18.293729716867638
        ], 
        [
          676.4814936751853, 
          1065.132451450104, 
          3697.4674487282578, 
          -694.2890749642827
        ], 
        [
          -1483.4522044940593, 
          -18.293729716867638, 
          -694.2890749642827, 
          635.7846524019039
        ]
      ], 
      "n_events": 24102.0, 
      "mean": [
        -0.5336734244057448, 
        -0.35973178209779305, 
        -1.5936819854933482, 
        -2.4051077082846266
      ]
    }, 
    {
      "max_amplitude": 78.26045989990234, 
      "emittance": 2.926351471627374, 
      "cov": [
        [
          4031.9828882640845, 
          -364.2709308001578, 
          676.274044714893, 
          -1483.5639083658878
        ], 
        [
          -364.2709308001578, 
          409.52766852560285, 
          1065.1053326284625, 
          -18.27838854634199
        ], 
        [
          676.274044714893, 
          1065.1053326284625, 
          3697.3694172278174, 
          -694.225383258123
        ], 
        [
          -1483.5639083658878, 
          -18.27838854634199, 
          -694.225383258123, 
          635.7756453351271
        ]
      ], 
      "n_events": 24096.0, 
      "mean": [
        -0.535683457219179, 
        -0.3578244103532547, 
        -1.588047734667767, 
        -2.403885370342012
      ]
    }, 
    {
      "max_amplitude": 72.91896057128906, 
      "emittance": 2.922246299199937, 
      "cov": [
        [
          4031.583812569563, 
          -364.1423203441242, 
          676.1540350871795, 
          -1483.4229875708343
        ], 
        [
          -364.1423203441242, 
          409.5524471525801, 
          1065.3380064488185, 
          -18.390391019551398
        ], 
        [
          676.1540350871795, 
          1065.3380064488185, 
          3697.8103799838727, 
          -694.3605654033779
        ], 
        [
          -1483.4229875708343, 
          -18.390391019551398, 
          -694.3605654033779, 
          635.66671364845
        ]
      ], 
      "n_events": 24090.0, 
      "mean": [
        -0.5280920555231438, 
        -0.3608543914776296, 
        -1.5846595445563392, 
        -2.406669297493678
      ]
    }, 
    {
      "max_amplitude": 69.78749084472656, 
      "emittance": 2.916603062098108, 
      "cov": [
        [
          4031.303937444005, 
          -363.8487787833757, 
          676.5588839342864, 
          -1483.2993133768493
        ], 
        [
          -363.8487787833757, 
          409.3039189437316, 
          1065.0158618360085, 
          -18.565208243624365
        ], 
        [
          676.5588839342864, 
          1065.0158618360085, 
          3697.32173108892, 
          -694.6299848020213
        ], 
        [
          -1483.2993133768493, 
          -18.565208243624365, 
          -694.6299848020213, 
          635.5731881289043
        ]
      ], 
      "n_events": 24081.0, 
      "mean": [
        -0.5421380589653125, 
        -0.3569617438021235, 
        -1.5833173091011494, 
        -2.3999868546905896
      ]
    }, 
    {
      "max_amplitude": 63.522396087646484, 
      "emittance": 2.9113883036999053, 
      "cov": [
        [
          4030.8607123662227, 
          -363.6432881083928, 
          677.3062130941313, 
          -1482.9676071055487
        ], 
        [
          -363.6432881083928, 
          409.2849272718592, 
          1065.189406083239, 
          -18.696463659664552
        ], 
        [
          677.3062130941313, 
          1065.189406083239, 
          3697.8568380762713, 
          -694.9835295328692
        ], 
        [
          -1482.9676071055487, 
          -18.696463659664552, 
          -694.9835295328692, 
          635.346264742834
        ]
      ], 
      "n_events": 24072.0, 
      "mean": [
        -0.5481366910023029, 
        -0.35716790447333974, 
        -1.5861031760599362, 
        -2.3948779060007537
      ]
    }, 
    {
      "max_amplitude": 59.920814514160156, 
      "emittance": 2.9040185481286658, 
      "cov": [
        [
          4029.5349994626376, 
          -363.01045944759375, 
          677.8316647839364, 
          -1482.3431637561455
        ], 
        [
          -363.01045944759375, 
          409.0178874952417, 
          1065.0464506461497, 
          -19.006272814560457
        ], 
        [
          677.8316647839364, 
          1065.0464506461497, 
          3697.7494868447943, 
          -695.2687123248134
        ], 
        [
          -1482.3431637561455, 
          -19.006272814560457, 
          -695.2687123248134, 
          634.9995168968723
        ]
      ], 
      "n_events": 24058.0, 
      "mean": [
        -0.5559461869012944, 
        -0.3487791234686822, 
        -1.57111231013393, 
        -2.3923072292927707
      ]
    }, 
    {
      "max_amplitude": 54.683372497558594, 
      "emittance": 2.894983045812368, 
      "cov": [
        [
          4028.2912450596054, 
          -362.5933325473163, 
          678.30396801474, 
          -1481.5524522032442
        ], 
        [
          -362.5933325473163, 
          408.81977317569135, 
          1064.7484428504831, 
          -19.220674078730028
        ], 
        [
          678.30396801474, 
          1064.7484428504831, 
          3696.405462285561, 
          -695.383592700706
        ], 
        [
          -1481.5524522032442, 
          -19.220674078730028, 
          -695.383592700706, 
          634.4411766207177
        ]
      ], 
      "n_events": 24039.0, 
      "mean": [
        -0.5689031588018906, 
        -0.35422645436052114, 
        -1.5825703922993106, 
        -2.3817857629649386
      ]
    }, 
    {
      "max_amplitude": 49.920352935791016, 
      "emittance": 2.880461287904441, 
      "cov": [
        [
          4024.887456493622, 
          -362.1702673476255, 
          678.5708724185944, 
          -1479.7886341558294
        ], 
        [
          -362.1702673476255, 
          408.67207086324197, 
          1064.7653909552434, 
          -19.559771426855278
        ], 
        [
          678.5708724185944, 
          1064.7653909552434, 
          3696.1696384055645, 
          -695.818592379269
        ], 
        [
          -1479.7886341558294, 
          -19.559771426855278, 
          -695.818592379269, 
          633.4179669803059
        ]
      ], 
      "n_events": 24005.0, 
      "mean": [
        -0.5910956329839966, 
        -0.3598265449479773, 
        -1.6218722857544916, 
        -2.3695798143086204
      ]
    }, 
    {
      "max_amplitude": 44.948585510253906, 
      "emittance": 2.8550479336225973, 
      "cov": [
        [
          4020.4581821956494, 
          -361.3301233047623, 
          680.0494163401297, 
          -1478.1545634240124
        ], 
        [
          -361.3301233047623, 
          408.21850166525815, 
          1063.9087535500835, 
          -19.8681564920399
        ], 
        [
          680.0494163401297, 
          1063.9087535500835, 
          3692.4709279728268, 
          -696.1308280655198
        ], 
        [
          -1478.1545634240124, 
          -19.8681564920399, 
          -696.1308280655198, 
          632.3482137465265
        ]
      ], 
      "n_events": 23937.0, 
      "mean": [
        -0.6209180848349989, 
        -0.3535379083464737, 
        -1.6434203069048028, 
        -2.348798204670766
      ]
    }, 
    {
      "max_amplitude": 39.9890251159668, 
      "emittance": 2.8234349894339137, 
      "cov": [
        [
          4011.8299718463354, 
          -359.1950424015945, 
          682.8856822680415, 
          -1474.8982839993853
        ], 
        [
          -359.1950424015945, 
          407.06093656179263, 
          1062.491314930494, 
          -20.59278434665464
        ], 
        [
          682.8856822680415, 
          1062.491314930494, 
          3688.8665932659, 
          -697.1673592740618
        ], 
        [
          -1474.8982839993853, 
          -20.59278434665464, 
          -697.1673592740618, 
          630.7080591286193
        ]
      ], 
      "n_events": 23839.0, 
      "mean": [
        -0.6402083730566797, 
        -0.36218301017731264, 
        -1.710184788578313, 
        -2.3263361387688586
      ]
    }, 
    {
      "max_amplitude": 34.967037200927734, 
      "emittance": 2.777043758828146, 
      "cov": [
        [
          3989.5989066241805, 
          -355.08716152086254, 
          686.6326257304295, 
          -1466.7375406978483
        ], 
        [
          -355.08716152086254, 
          405.6087635513898, 
          1060.7850491162721, 
          -22.052987163510352
        ], 
        [
          686.6326257304295, 
          1060.7850491162721, 
          3682.867520146966, 
          -698.6295406979461
        ], 
        [
          -1466.7375406978483, 
          -22.052987163510352, 
          -698.6295406979461, 
          627.0803194559029
        ]
      ], 
      "n_events": 23670.0, 
      "mean": [
        -0.7556976101905712, 
        -0.35307913721417583, 
        -1.800208312011106, 
        -2.2790563647786475
      ]
    }, 
    {
      "max_amplitude": 29.993989944458008, 
      "emittance": 2.689551386339788, 
      "cov": [
        [
          3956.4237858069955, 
          -350.90082939510626, 
          686.0181505405055, 
          -1453.4907375818004
        ], 
        [
          -350.90082939510626, 
          403.0546678141275, 
          1056.0741098525996, 
          -23.11255866037892
        ], 
        [
          686.0181505405055, 
          1056.0741098525996, 
          3663.9498650838345, 
          -696.8690820406933
        ], 
        [
          -1453.4907375818004, 
          -23.11255866037892, 
          -696.8690820406933, 
          620.047482052207
        ]
      ], 
      "n_events": 23285.0, 
      "mean": [
        -0.9658521010615837, 
        -0.3512279783579903, 
        -1.9621332029815826, 
        -2.1715375870248277
      ]
    }, 
    {
      "max_amplitude": 24.99029541015625, 
      "emittance": 2.540430913655129, 
      "cov": [
        [
          3887.741536896839, 
          -335.3464019974942, 
          698.4897998534709, 
          -1430.4755862264483
        ], 
        [
          -335.3464019974942, 
          394.244723336624, 
          1040.918726195337, 
          -26.42456854905122
        ], 
        [
          698.4897998534709, 
          1040.918726195337, 
          3621.004599624079, 
          -697.3790372349425
        ], 
        [
          -1430.4755862264483, 
          -26.42456854905122, 
          -697.3790372349425, 
          609.2180035995698
        ]
      ], 
      "n_events": 22473.0, 
      "mean": [
        -1.4554335087532333, 
        -0.26968933305689097, 
        -1.994432373536192, 
        -1.9634519723849162
      ]
    }, 
    {
      "max_amplitude": 19.994657516479492, 
      "emittance": 2.3070731224821315, 
      "cov": [
        [
          3755.118014958831, 
          -310.90554111213737, 
          710.8069100394713, 
          -1387.0715042776555
        ], 
        [
          -310.90554111213737, 
          375.974348888883, 
          1001.4000661877704, 
          -28.813216249988795
        ], 
        [
          710.8069100394713, 
          1001.4000661877704, 
          3498.0792305866285, 
          -686.8695009399584
        ], 
        [
          -1387.0715042776555, 
          -28.813216249988795, 
          -686.8695009399584, 
          589.4581113394719
        ]
      ], 
      "n_events": 20850.0, 
      "mean": [
        -2.029287825446094, 
        -0.2894179971421076, 
        -2.429971311229551, 
        -1.7133836043604864
      ]
    }, 
    {
      "max_amplitude": 14.998790740966797, 
      "emittance": 1.9430020200341676, 
      "cov": [
        [
          3423.1205418546238, 
          -246.27003993563358, 
          761.6600229777333, 
          -1275.1650910635608
        ], 
        [
          -246.27003993563358, 
          330.9939717621506, 
          895.439843557869, 
          -37.11810977278559
        ], 
        [
          761.6600229777333, 
          895.439843557869, 
          3175.5957694606004, 
          -665.3805050117151
        ], 
        [
          -1275.1650910635608, 
          -37.11810977278559, 
          -665.3805050117151, 
          542.0783733436865
        ]
      ], 
      "n_events": 17592.0, 
      "mean": [
        -2.8698632788461826, 
        -0.09446002117788588, 
        -2.273694177848091, 
        -1.406559429778749
      ]
    }, 
    {
      "max_amplitude": 9.998739242553711, 
      "emittance": 1.4149930450962922, 
      "cov": [
        [
          2738.876641793288, 
          -139.61841736745149, 
          769.3210981062396, 
          -1040.6163914817305
        ], 
        [
          -139.61841736745149, 
          248.3126852148931, 
          693.9457346984226, 
          -45.979918985645625
        ], 
        [
          769.3210981062396, 
          693.9457346984226, 
          2529.5861389817205, 
          -585.9810475259558
        ], 
        [
          -1040.6163914817305, 
          -45.979918985645625, 
          -585.9810475259558, 
          445.5736051183296
        ]
      ], 
      "n_events": 11837.0, 
      "mean": [
        -3.6961532566387856, 
        0.07621099619777841, 
        -2.098461227910873, 
        -1.080695148767585
      ]
    }, 
    {
      "max_amplitude": 5.0, 
      "emittance": 0.764018799088634, 
      "cov": [
        [
          1603.0823275803855, 
          -70.44194134909584, 
          475.18093951617055, 
          -613.992257843041
        ], 
        [
          -70.44194134909584, 
          136.3183394088028, 
          383.0438381849685, 
          -26.932738053194647
        ], 
        [
          475.18093951617055, 
          383.0438381849685, 
          1408.3939398122182, 
          -341.7430192980407
        ], 
        [
          -613.992257843041, 
          -26.932738053194647, 
          -341.7430192980407, 
          261.940793906462
        ]
      ], 
      "n_events": 4614.0, 
      "mean": [
        -4.331363608144444, 
        -0.4073839129948144, 
        -3.8756449344812767, 
        -0.6043032165664589
      ]
    }, 
    {
      "max_amplitude": 0.0, 
      "emittance": 0.764018799088634, 
      "cov": [
        [
          4475.323380558264, 
          325.07287948912267, 
          2845.4554515875807, 
          -1915.0961212214422
        ], 
        [
          325.07287948912267, 
          204.60175803765904, 
          766.9539859180129, 
          -210.09946647858715
        ], 
        [
          2845.4554515875807, 
          766.9539859180129, 
          3575.9088939271464, 
          -1432.788593735069
        ], 
        [
          -1915.0961212214422, 
          -210.09946647858715, 
          -1432.788593735069, 
          852.1571035454177
        ]
      ], 
      "n_events": 100.0, 
      "mean": [
        -5.500108312615042, 
        3.045708915622278, 
        6.498154282629908, 
        -1.2399183559813922
      ]
    }
  ], 
  [
    {
      "max_amplitude": 234.2157440185547, 
      "emittance": 2.958709528791042, 
      "cov": [
        [
          4054.022727049383, 
          -361.1697498252266, 
          684.729069277846, 
          -1491.7222997855074
        ], 
        [
          -361.1697498252266, 
          411.70350440084627, 
          1073.9651822345654, 
          -20.08379731922561
        ], 
        [
          684.729069277846, 
          1073.9651822345654, 
          3728.1122710713016, 
          -700.4963927582398
        ], 
        [
          -1491.7222997855074, 
          -20.08379731922561, 
          -700.4963927582398, 
          639.3505577282435
        ]
      ], 
      "n_events": 24021.0, 
      "mean": [
        -0.1392198532733049, 
        -0.23299909037665364, 
        -0.9726681180515337, 
        -2.6132476230264228
      ]
    }, 
    {
      "max_amplitude": 98.6589126586914, 
      "emittance": 2.934655727679646, 
      "cov": [
        [
          4053.1413473238267, 
          -361.6351974465232, 
          684.8070382826653, 
          -1491.3041740220199
        ], 
        [
          -361.6351974465232, 
          411.4461592329916, 
          1073.8945148626983, 
          -20.067596120002463
        ], 
        [
          684.8070382826653, 
          1073.8945148626983, 
          3727.423741429912, 
          -700.6386278753349
        ], 
        [
          -1491.3041740220199, 
          -20.067596120002463, 
          -700.6386278753349, 
          639.0425802420772
        ]
      ], 
      "n_events": 24006.0, 
      "mean": [
        -0.15889165050314105, 
        -0.23231247164397187, 
        -0.9663066693613119, 
        -2.6056740440290707
      ]
    }, 
    {
      "max_amplitude": 91.83480834960938, 
      "emittance": 2.9302109896450634, 
      "cov": [
        [
          4053.4772010224874, 
          -361.67742801120795, 
          684.991417765525, 
          -1491.4202484069401
        ], 
        [
          -361.67742801120795, 
          411.41911577983257, 
          1073.8932382771793, 
          -20.133175488763243
        ], 
        [
          684.991417765525, 
          1073.8932382771793, 
          3727.352446407404, 
          -700.833687039816
        ], 
        [
          -1491.4202484069401, 
          -20.133175488763243, 
          -700.833687039816, 
          639.0655522963041
        ]
      ], 
      "n_events": 24001.0, 
      "mean": [
        -0.15937081300196243, 
        -0.23112751598106937, 
        -0.9713099175845954, 
        -2.6041357221853976
      ]
    }, 
    {
      "max_amplitude": 88.1819839477539, 
      "emittance": 2.9285360319817944, 
      "cov": [
        [
          4053.6717291813748, 
          -361.73998535038567, 
          684.915579412854, 
          -1491.5028820024565
        ], 
        [
          -361.73998535038567, 
          411.4237441921276, 
          1073.971939188473, 
          -20.13299276125214
        ], 
        [
          684.915579412854, 
          1073.971939188473, 
          3727.523101492495, 
          -700.8469125749731
        ], 
        [
          -1491.5028820024565, 
          -20.13299276125214, 
          -700.8469125749731, 
          639.1041354024729
        ]
      ], 
      "n_events": 23999.0, 
      "mean": [
        -0.16268159928085724, 
        -0.2314863561169397, 
        -0.9747185138416259, 
        -2.603040911102253
      ]
    }, 
    {
      "max_amplitude": 84.27367401123047, 
      "emittance": 2.9246005073807435, 
      "cov": [
        [
          4053.6241205357655, 
          -361.81240393207315, 
          685.2690420958427, 
          -1491.6401874288442
        ], 
        [
          -361.81240393207315, 
          411.40293249950486, 
          1073.8390230063578, 
          -20.051218961302215
        ], 
        [
          685.2690420958427, 
          1073.8390230063578, 
          3726.8122364075375, 
          -700.7475750307145
        ], 
        [
          -1491.6401874288442, 
          -20.051218961302215, 
          -700.7475750307145, 
          639.130342509779
        ]
      ], 
      "n_events": 23994.0, 
      "mean": [
        -0.17161529335503814, 
        -0.23318089373108605, 
        -0.9746192343774936, 
        -2.5998404430332864
      ]
    }, 
    {
      "max_amplitude": 79.93706512451172, 
      "emittance": 2.9201810480694985, 
      "cov": [
        [
          4053.0530336717893, 
          -361.59284032790976, 
          685.6324227031658, 
          -1491.5282744715782
        ], 
        [
          -361.59284032790976, 
          411.39096271543394, 
          1073.9739254941153, 
          -20.09937850445824
        ], 
        [
          685.6324227031658, 
          1073.9739254941153, 
          3726.744864928528, 
          -700.7730709594475
        ], 
        [
          -1491.5282744715782, 
          -20.09937850445824, 
          -700.7730709594475, 
          639.0551976330593
        ]
      ], 
      "n_events": 23988.0, 
      "mean": [
        -0.16712435392837627, 
        -0.23262843820953527, 
        -0.9764543210541768, 
        -2.602137109606842
      ]
    }, 
    {
      "max_amplitude": 74.48015594482422, 
      "emittance": 2.9174296953461503, 
      "cov": [
        [
          4052.9325449407775, 
          -361.3581535407028, 
          685.8232572194117, 
          -1491.4691651736414
        ], 
        [
          -361.3581535407028, 
          411.27927333021194, 
          1073.9884963210193, 
          -20.237656204955567
        ], 
        [
          685.8232572194117, 
          1073.9884963210193, 
          3727.097462414336, 
          -700.9602052426925
        ], 
        [
          -1491.4691651736414, 
          -20.237656204955567, 
          -700.9602052426925, 
          639.034472165848
        ]
      ], 
      "n_events": 23984.0, 
      "mean": [
        -0.1730736803849251, 
        -0.2322157500346605, 
        -0.9792396513899484, 
        -2.60052090843251
      ]
    }, 
    {
      "max_amplitude": 69.89027404785156, 
      "emittance": 2.9136771327002964, 
      "cov": [
        [
          4051.439595328708, 
          -360.91935810962826, 
          686.2809424827433, 
          -1490.9380998612146
        ], 
        [
          -360.91935810962826, 
          411.18841745927307, 
          1074.0914038479598, 
          -20.43537868021899
        ], 
        [
          686.2809424827433, 
          1074.0914038479598, 
          3727.548281755175, 
          -701.1980032254017
        ], 
        [
          -1490.9380998612146, 
          -20.43537868021899, 
          -701.1980032254017, 
          638.8298506100791
        ]
      ], 
      "n_events": 23978.0, 
      "mean": [
        -0.1722571867320806, 
        -0.23024979172104992, 
        -0.9746933743809914, 
        -2.601860483271029
      ]
    }, 
    {
      "max_amplitude": 64.60039520263672, 
      "emittance": 2.90957998925196, 
      "cov": [
        [
          4051.3939571654923, 
          -360.846441833491, 
          686.7262696455562, 
          -1490.7269994360918
        ], 
        [
          -360.846441833491, 
          410.99899490007647, 
          1073.7668207252004, 
          -20.52154707685558
        ], 
        [
          686.7262696455562, 
          1073.7668207252004, 
          3727.241933375161, 
          -701.4954052648362
        ], 
        [
          -1490.7269994360918, 
          -20.52154707685558, 
          -701.4954052648362, 
          638.642267347307
        ]
      ], 
      "n_events": 23971.0, 
      "mean": [
        -0.1758481346975243, 
        -0.2307361803055342, 
        -0.9759336346957289, 
        -2.6005186245020595
      ]
    }, 
    {
      "max_amplitude": 59.847267150878906, 
      "emittance": 2.904834929319497, 
      "cov": [
        [
          4050.4381378355397, 
          -360.67908239284594, 
          687.2040074244228, 
          -1490.246613158841
        ], 
        [
          -360.67908239284594, 
          411.00575815163677, 
          1073.9092706958058, 
          -20.655257393650125
        ], 
        [
          687.2040074244228, 
          1073.9092706958058, 
          3727.7602831950376, 
          -701.7348734044047
        ], 
        [
          -1490.246613158841, 
          -20.655257393650125, 
          -701.7348734044047, 
          638.3581668728339
        ]
      ], 
      "n_events": 23962.0, 
      "mean": [
        -0.18837210322019665, 
        -0.22764804333933067, 
        -0.9755741365542047, 
        -2.5936477584292694
      ]
    }, 
    {
      "max_amplitude": 54.87120056152344, 
      "emittance": 2.89517472748374, 
      "cov": [
        [
          4049.131166213698, 
          -360.4881491859589, 
          687.8626959652601, 
          -1489.8265351968664
        ], 
        [
          -360.4881491859589, 
          410.5558512233271, 
          1073.0243455801053, 
          -20.728082623381237
        ], 
        [
          687.8626959652601, 
          1073.0243455801053, 
          3725.2350099596806, 
          -702.1412026638844
        ], 
        [
          -1489.8265351968664, 
          -20.728082623381237, 
          -702.1412026638844, 
          638.1930064121453
        ]
      ], 
      "n_events": 23942.0, 
      "mean": [
        -0.19100399778614563, 
        -0.2295311270617179, 
        -0.9960994018354569, 
        -2.5936758001549385
      ]
    }, 
    {
      "max_amplitude": 49.81671142578125, 
      "emittance": 2.8811938731840305, 
      "cov": [
        [
          4047.395728595703, 
          -359.76087856981053, 
          689.4325426217222, 
          -1489.18169819734
        ], 
        [
          -359.76087856981053, 
          409.9616370039954, 
          1072.0774226731176, 
          -21.004995709120408
        ], 
        [
          689.4325426217222, 
          1072.0774226731176, 
          3722.951316614695, 
          -702.901745967792
        ], 
        [
          -1489.18169819734, 
          -21.004995709120408, 
          -702.901745967792, 
          637.7968306098577
        ]
      ], 
      "n_events": 23909.0, 
      "mean": [
        -0.20389942843716688, 
        -0.23404415510095633, 
        -1.008133342815013, 
        -2.591096966694283
      ]
    }, 
    {
      "max_amplitude": 44.99473190307617, 
      "emittance": 2.8563203563643, 
      "cov": [
        [
          4039.3737759667724, 
          -358.9491382707345, 
          689.4083121396733, 
          -1486.7426864604984
        ], 
        [
          -358.9491382707345, 
          409.44551434838024, 
          1071.8969929321534, 
          -21.276917586965183
        ], 
        [
          689.4083121396733, 
          1071.8969929321534, 
          3723.2077817975783, 
          -703.3032774059512
        ], 
        [
          -1486.7426864604984, 
          -21.276917586965183, 
          -703.3032774059512, 
          636.70521321724
        ]
      ], 
      "n_events": 23843.0, 
      "mean": [
        -0.2649614796420222, 
        -0.22313297048552938, 
        -1.0044874632932657, 
        -2.5705322469369474
      ]
    }, 
    {
      "max_amplitude": 39.89890670776367, 
      "emittance": 2.8247564296691814, 
      "cov": [
        [
          4031.644935320102, 
          -357.64322726569577, 
          691.5381100369328, 
          -1483.7871986753692
        ], 
        [
          -357.64322726569577, 
          408.63495272194945, 
          1070.797713196081, 
          -21.839997887878603
        ], 
        [
          691.5381100369328, 
          1070.797713196081, 
          3720.3538155693577, 
          -704.551499038753
        ], 
        [
          -1483.7871986753692, 
          -21.839997887878603, 
          -704.551499038753, 
          635.1392564527985
        ]
      ], 
      "n_events": 23746.0, 
      "mean": [
        -0.3188458337815709, 
        -0.211133869479796, 
        -1.016986499983863, 
        -2.550231923177587
      ]
    }, 
    {
      "max_amplitude": 34.95409393310547, 
      "emittance": 2.7782291236857413, 
      "cov": [
        [
          4014.1041311718895, 
          -354.4699252842619, 
          693.8758801866069, 
          -1476.9835105524528
        ], 
        [
          -354.4699252842619, 
          407.55126880686095, 
          1069.8650771226296, 
          -23.16145484635342
        ], 
        [
          693.8758801866069, 
          1069.8650771226296, 
          3716.6796440644503, 
          -705.8593295385978
        ], 
        [
          -1476.9835105524528, 
          -23.16145484635342, 
          -705.8593295385978, 
          631.853416752869
        ]
      ], 
      "n_events": 23576.0, 
      "mean": [
        -0.3655065364236007, 
        -0.2131530153302907, 
        -1.074811361729682, 
        -2.5262936226577213
      ]
    }, 
    {
      "max_amplitude": 29.99444580078125, 
      "emittance": 2.693426018009423, 
      "cov": [
        [
          3975.5528070824985, 
          -348.8894136013612, 
          695.5586315554134, 
          -1462.253212579533
        ], 
        [
          -348.8894136013612, 
          404.61161609898676, 
          1064.6192211651542, 
          -24.99534465407188
        ], 
        [
          695.5586315554134, 
          1064.6192211651542, 
          3696.3091379662205, 
          -706.0062504664385
        ], 
        [
          -1462.253212579533, 
          -24.99534465407188, 
          -706.0062504664385, 
          625.0185955775017
        ]
      ], 
      "n_events": 23200.0, 
      "mean": [
        -0.4706182619858169, 
        -0.20849708188547011, 
        -1.1651951834972936, 
        -2.4851226808200106
      ]
    }, 
    {
      "max_amplitude": 24.998302459716797, 
      "emittance": 2.550081197005885, 
      "cov": [
        [
          3901.686697668101, 
          -335.44149899639285, 
          703.3011871284968, 
          -1434.9954367952867
        ], 
        [
          -335.44149899639285, 
          397.05843020945855, 
          1050.2585793795704, 
          -27.823740030984776
        ], 
        [
          703.3011871284968, 
          1050.2585793795704, 
          3649.2186251707117, 
          -703.5435760270515
        ], 
        [
          -1434.9954367952867, 
          -27.823740030984776, 
          -703.5435760270515, 
          611.9173135890501
        ]
      ], 
      "n_events": 22418.0, 
      "mean": [
        -0.5465040461558416, 
        -0.2124172210855255, 
        -1.2402812910386438, 
        -2.41099767392995
      ]
    }, 
    {
      "max_amplitude": 19.999717712402344, 
      "emittance": 2.302776153170714, 
      "cov": [
        [
          3746.0879154516533, 
          -306.24104977573137, 
          722.1778666925705, 
          -1382.218899172217
        ], 
        [
          -306.24104977573137, 
          379.4310223400192, 
          1013.7337999872822, 
          -33.22229455174216
        ], 
        [
          722.1778666925705, 
          1013.7337999872822, 
          3535.3968728710597, 
          -698.6145578291816
        ], 
        [
          -1382.218899172217, 
          -33.22229455174216, 
          -698.6145578291816, 
          588.8029244033829
        ]
      ], 
      "n_events": 20699.0, 
      "mean": [
        -0.8945697233211073, 
        -0.25961115180580124, 
        -1.6549166346029645, 
        -2.172960862825422
      ]
    }, 
    {
      "max_amplitude": 14.99805736541748, 
      "emittance": 1.937559067237094, 
      "cov": [
        [
          3450.1656964949675, 
          -246.3545670376034, 
          778.8195831444775, 
          -1286.3452276553842
        ], 
        [
          -246.3545670376034, 
          337.0345561305816, 
          912.2250285114774, 
          -39.92639266650981
        ], 
        [
          778.8195831444775, 
          912.2250285114774, 
          3225.3561846548523, 
          -680.6550506330699
        ], 
        [
          -1286.3452276553842, 
          -39.92639266650981, 
          -680.6550506330699, 
          548.2333596159681
        ]
      ], 
      "n_events": 17461.0, 
      "mean": [
        -1.5878700967032207, 
        -0.1206176523023103, 
        -1.4894162019946995, 
        -1.9324586615743635
      ]
    }, 
    {
      "max_amplitude": 9.999992370605469, 
      "emittance": 1.423834666703895, 
      "cov": [
        [
          2793.6072954136525, 
          -145.2858644456931, 
          790.5568104403205, 
          -1063.9349982136098
        ], 
        [
          -145.2858644456931, 
          255.84645749253733, 
          715.121512380395, 
          -45.99678508464858
        ], 
        [
          790.5568104403205, 
          715.121512380395, 
          2609.5775929502115, 
          -602.0722915569625
        ], 
        [
          -1063.9349982136098, 
          -45.99678508464858, 
          -602.0722915569625, 
          456.2002534020254
        ]
      ], 
      "n_events": 11878.0, 
      "mean": [
        -2.9941281607476022, 
        -0.09880137626729867, 
        -2.350089008244461, 
        -1.3287939447217532
      ]
    }, 
    {
      "max_amplitude": 5.0, 
      "emittance": 0.7544499685420687, 
      "cov": [
        [
          1561.1307712224034, 
          -58.37273806653641, 
          493.9859500967917, 
          -600.563134571426
        ], 
        [
          -58.37273806653641, 
          145.585030626164, 
          418.9711997807271, 
          -35.50118057637746
        ], 
        [
          493.9859500967917, 
          418.9711997807271, 
          1532.9127219938423, 
          -361.53295102182625
        ], 
        [
          -600.563134571426, 
          -35.50118057637746, 
          -361.53295102182625, 
          259.39704148981514
        ]
      ], 
      "n_events": 4471.0, 
      "mean": [
        -5.131293091399434, 
        -0.3352862242149356, 
        -4.2256413891921865, 
        -0.2908255922682338
      ]
    }, 
    {
      "max_amplitude": 0.0, 
      "emittance": 0.7544499685420687, 
      "cov": [
        [
          3024.3700781083317, 
          204.8849822429812, 
          1886.8966658369486, 
          -1300.1573498619275
        ], 
        [
          204.8849822429812, 
          274.7930138978648, 
          946.2572044860483, 
          -189.40067545480068
        ], 
        [
          1886.8966658369486, 
          946.2572044860483, 
          3787.682814783149, 
          -1121.7095843576753
        ], 
        [
          -1300.1573498619275, 
          -189.40067545480068, 
          -1121.7095843576753, 
          602.589284369066
        ]
      ], 
      "n_events": 100.0, 
      "mean": [
        -29.694156412657716, 
        -2.5641461373608, 
        -22.83736778607733, 
        10.4316818949349
      ]
    }
  ]
]
