[
  [
    {
      "max_amplitude": 100.0, 
      "emittance": 2.601335665976082, 
      "cov": [
        [
          885.1423966250807, 
          150.83023309250217, 
          -72.60708326763302, 
          -452.56943760184424
        ], 
        [
          150.83023309250217, 
          453.1260166825123, 
          586.4375990155709, 
          152.8402943389985
        ], 
        [
          -72.60708326763302, 
          586.4375990155709, 
          1306.9534568592123, 
          508.3579443074639
        ], 
        [
          -452.56943760184424, 
          152.8402943389985, 
          508.3579443074639, 
          435.85134788216413
        ]
      ], 
      "n_events": 25744.0, 
      "mean": [
        -6.249394813088765, 
        2.911153456534089, 
        0.6205918116551224, 
        3.3248179794655512
      ]
    }, 
    {
      "max_amplitude": 98.74765014648438, 
      "emittance": 2.5514093274908145, 
      "cov": [
        [
          884.4437108452559, 
          151.03158788272205, 
          -72.57656468777711, 
          -452.0983612667724
        ], 
        [
          151.03158788272205, 
          452.6003500265698, 
          585.7885939999233, 
          153.14000367276913
        ], 
        [
          -72.57656468777711, 
          585.7885939999233, 
          1305.798295306101, 
          509.36042478260674
        ], 
        [
          -452.0983612667724, 
          153.14000367276913, 
          509.36042478260674, 
          434.11439142228136
        ]
      ], 
      "n_events": 25724.0, 
      "mean": [
        -6.246440820398881, 
        2.9143220568604153, 
        0.6192104163687111, 
        3.3228834019926894
      ]
    }, 
    {
      "max_amplitude": 92.99259185791016, 
      "emittance": 2.5505704051941804, 
      "cov": [
        [
          884.4396954106169, 
          151.012066360315, 
          -72.56332905362974, 
          -452.1329121473853
        ], 
        [
          151.012066360315, 
          452.60115283523874, 
          585.8219854666233, 
          153.13473138081355
        ], 
        [
          -72.56332905362974, 
          585.8219854666233, 
          1305.8423446004165, 
          509.3873250256556
        ], 
        [
          -452.1329121473853, 
          153.13473138081355, 
          509.3873250256556, 
          434.12376351263123
        ]
      ], 
      "n_events": 25723.0, 
      "mean": [
        -6.245219083912686, 
        2.9151299990702704, 
        0.6186995234807657, 
        3.3234235146202638
      ]
    }, 
    {
      "max_amplitude": 87.42371368408203, 
      "emittance": 2.54816938396503, 
      "cov": [
        [
          884.4839342339966, 
          151.02029019057508, 
          -72.5477005091522, 
          -452.09201718546626
        ], 
        [
          151.02029019057508, 
          452.6159910198663, 
          585.9467676594365, 
          153.14447273349197
        ], 
        [
          -72.5477005091522, 
          585.9467676594365, 
          1305.8932459686982, 
          509.4243824421572
        ], 
        [
          -452.09201718546626, 
          153.14447273349197, 
          509.4243824421572, 
          433.9918500529187
        ]
      ], 
      "n_events": 25720.0, 
      "mean": [
        -6.24354528908369, 
        2.9138857383210994, 
        0.6198782343553693, 
        3.3194568737537766
      ]
    }, 
    {
      "max_amplitude": 82.44651794433594, 
      "emittance": 2.5452079393709695, 
      "cov": [
        [
          884.4318288562035, 
          151.0430340661727, 
          -72.47999712783631, 
          -451.9978714256011
        ], 
        [
          151.0430340661727, 
          452.62169483023376, 
          585.9457695342535, 
          153.06492504812397
        ], 
        [
          -72.47999712783631, 
          585.9457695342535, 
          1305.908551821509, 
          509.29533865123705
        ], 
        [
          -451.9978714256011, 
          153.06492504812397, 
          509.29533865123705, 
          433.6948079837247
        ]
      ], 
      "n_events": 25716.0, 
      "mean": [
        -6.2388385567641365, 
        2.914998383180932, 
        0.6201140132916059, 
        3.3172615330439195
      ]
    }, 
    {
      "max_amplitude": 79.3577651977539, 
      "emittance": 2.5409508616407215, 
      "cov": [
        [
          884.4908862588857, 
          151.05179961800985, 
          -72.62769334985583, 
          -451.9735167517442
        ], 
        [
          151.05179961800985, 
          452.5648297419101, 
          585.9257634322109, 
          153.04510883792017
        ], 
        [
          -72.62769334985583, 
          585.9257634322109, 
          1305.785253211826, 
          509.34683870240406
        ], 
        [
          -451.9735167517442, 
          153.04510883792017, 
          509.34683870240406, 
          433.4727157717634
        ]
      ], 
      "n_events": 25710.0, 
      "mean": [
        -6.237658537490343, 
        2.91227421389445, 
        0.6230404822559233, 
        3.317682097245493
      ]
    }, 
    {
      "max_amplitude": 74.85298156738281, 
      "emittance": 2.5389824823820764, 
      "cov": [
        [
          884.247056230194, 
          151.18533247043973, 
          -72.54497672944069, 
          -451.86774211249514
        ], 
        [
          151.18533247043973, 
          452.5776627528161, 
          585.9553164284532, 
          153.0127561192723
        ], 
        [
          -72.54497672944069, 
          585.9553164284532, 
          1305.7387018496297, 
          509.41256828671146
        ], 
        [
          -451.86774211249514, 
          153.0127561192723, 
          509.41256828671146, 
          433.4375424840065
        ]
      ], 
      "n_events": 25707.0, 
      "mean": [
        -6.236410875974479, 
        2.911640403934372, 
        0.6242857800841797, 
        3.3168271488587773
      ]
    }, 
    {
      "max_amplitude": 69.5624771118164, 
      "emittance": 2.534078290506634, 
      "cov": [
        [
          884.3417811701977, 
          151.1685474605357, 
          -72.60055045065062, 
          -451.94290445563064
        ], 
        [
          151.1685474605357, 
          452.54158822363655, 
          585.9328405969227, 
          152.94235319791687
        ], 
        [
          -72.60055045065062, 
          585.9328405969227, 
          1305.6269395022316, 
          509.40083230922147
        ], 
        [
          -451.94290445563064, 
          152.94235319791687, 
          509.40083230922147, 
          433.2409142369702
        ]
      ], 
      "n_events": 25699.0, 
      "mean": [
        -6.230938403310808, 
        2.916375007835247, 
        0.6308796748805108, 
        3.316693372451157
      ]
    }, 
    {
      "max_amplitude": 63.45917510986328, 
      "emittance": 2.5301651823382816, 
      "cov": [
        [
          884.389920013463, 
          151.25773599319524, 
          -72.45882781213011, 
          -452.03079786990236
        ], 
        [
          151.25773599319524, 
          452.43792474036036, 
          585.8528472899222, 
          152.90518871107471
        ], 
        [
          -72.45882781213011, 
          585.8528472899222, 
          1305.5628038458913, 
          509.3832303290252
        ], 
        [
          -452.03079786990236, 
          152.90518871107471, 
          509.3832303290252, 
          433.1913505882483
        ]
      ], 
      "n_events": 25692.0, 
      "mean": [
        -6.230841833850136, 
        2.912172513330102, 
        0.6259786349418264, 
        3.313355088873498
      ]
    }, 
    {
      "max_amplitude": 58.791404724121094, 
      "emittance": 2.5265874612373276, 
      "cov": [
        [
          884.4158389012053, 
          151.26830870499876, 
          -72.43780551655983, 
          -452.14429866076216
        ], 
        [
          151.26830870499876, 
          452.415750577001, 
          585.9977132729374, 
          152.93005464496161
        ], 
        [
          -72.43780551655983, 
          585.9977132729374, 
          1305.8552897354198, 
          509.5178733100967
        ], 
        [
          -452.14429866076216, 
          152.93005464496161, 
          509.5178733100967, 
          433.203421357269
        ]
      ], 
      "n_events": 25685.0, 
      "mean": [
        -6.231144051129757, 
        2.910735980348495, 
        0.6224414759523773, 
        3.3136357402365153
      ]
    }, 
    {
      "max_amplitude": 54.64129638671875, 
      "emittance": 2.5210824645465646, 
      "cov": [
        [
          884.0278974837538, 
          151.44640335238222, 
          -72.45314275703916, 
          -451.88619464272335
        ], 
        [
          151.44640335238222, 
          452.02800785142773, 
          585.4937827160165, 
          152.8689719149899
        ], 
        [
          -72.45314275703916, 
          585.4937827160165, 
          1305.0817592830124, 
          509.54773131685056
        ], 
        [
          -451.88619464272335, 
          152.8689719149899, 
          509.54773131685056, 
          432.9846499797812
        ]
      ], 
      "n_events": 25673.0, 
      "mean": [
        -6.227374861528324, 
        2.918085359357226, 
        0.6374437309330336, 
        3.3129522383981995
      ]
    }, 
    {
      "max_amplitude": 49.61317443847656, 
      "emittance": 2.5148366779392304, 
      "cov": [
        [
          883.0422587417725, 
          151.5194356053994, 
          -72.81554100912427, 
          -451.44436522763505
        ], 
        [
          151.5194356053994, 
          451.9568566893036, 
          585.6418341301068, 
          152.89031327840786
        ], 
        [
          -72.81554100912427, 
          585.6418341301068, 
          1305.2697892220885, 
          509.83946379868934
        ], 
        [
          -451.44436522763505, 
          152.89031327840786, 
          509.83946379868934, 
          432.6455706373331
        ]
      ], 
      "n_events": 25658.0, 
      "mean": [
        -6.235755079138596, 
        2.917388001928353, 
        0.6322358347799483, 
        3.3123607103601427
      ]
    }, 
    {
      "max_amplitude": 44.99641799926758, 
      "emittance": 2.50544733046215, 
      "cov": [
        [
          881.5087743935015, 
          151.82641564636606, 
          -72.95866399626641, 
          -450.725884616864
        ], 
        [
          151.82641564636606, 
          451.2642229725804, 
          584.9442184143974, 
          152.63133401234302
        ], 
        [
          -72.95866399626641, 
          584.9442184143974, 
          1304.3819359360214, 
          509.7830937307518
        ], 
        [
          -450.725884616864, 
          152.63133401234302, 
          509.7830937307518, 
          432.0755466354111
        ]
      ], 
      "n_events": 25632.0, 
      "mean": [
        -6.2258216285606, 
        2.9092098071953427, 
        0.6213978632094599, 
        3.3068032971478143
      ]
    }, 
    {
      "max_amplitude": 39.977867126464844, 
      "emittance": 2.485325190132295, 
      "cov": [
        [
          878.8431299336895, 
          152.14402044635867, 
          -74.19615824097309, 
          -449.9253219984736
        ], 
        [
          152.14402044635867, 
          450.0545666341599, 
          583.9766464359026, 
          152.40420299628053
        ], 
        [
          -74.19615824097309, 
          583.9766464359026, 
          1302.4029685173045, 
          510.50216082747966
        ], 
        [
          -449.9253219984736, 
          152.40420299628053, 
          510.50216082747966, 
          431.7201232784513
        ]
      ], 
      "n_events": 25568.0, 
      "mean": [
        -6.22615565437121, 
        2.9042506985060847, 
        0.5990511880978436, 
        3.2981755644883344
      ]
    }, 
    {
      "max_amplitude": 34.96554946899414, 
      "emittance": 2.4578154568529347, 
      "cov": [
        [
          872.3179418943994, 
          153.75305711511305, 
          -74.12209589608902, 
          -446.7018691420208
        ], 
        [
          153.75305711511305, 
          448.0685729481944, 
          582.3133000508034, 
          151.36118134904135
        ], 
        [
          -74.12209589608902, 
          582.3133000508034, 
          1300.0894689302766, 
          510.3750835653081
        ], 
        [
          -446.7018691420208, 
          151.36118134904135, 
          510.3750835653081, 
          429.7622090223029
        ]
      ], 
      "n_events": 25465.0, 
      "mean": [
        -6.259016329755414, 
        2.9175696962350157, 
        0.5969467480921736, 
        3.320754712494528
      ]
    }, 
    {
      "max_amplitude": 29.985755920410156, 
      "emittance": 2.4140146594541805, 
      "cov": [
        [
          864.0440072063165, 
          155.0028853817741, 
          -75.04451306275803, 
          -443.231824116894
        ], 
        [
          155.0028853817741, 
          443.1278895466089, 
          577.9940832887897, 
          149.8964328481255
        ], 
        [
          -75.04451306275803, 
          577.9940832887897, 
          1293.928193777681, 
          510.230680952257
        ], 
        [
          -443.231824116894, 
          149.8964328481255, 
          510.230680952257, 
          427.83660869964945
        ]
      ], 
      "n_events": 25266.0, 
      "mean": [
        -6.266810586486586, 
        2.878348438762451, 
        0.5396126087685159, 
        3.315355843396446
      ]
    }, 
    {
      "max_amplitude": 24.9893856048584, 
      "emittance": 2.331187306865985, 
      "cov": [
        [
          846.3115475450097, 
          158.405546591828, 
          -74.50679940652432, 
          -434.4092107182532
        ], 
        [
          158.405546591828, 
          436.11354455092834, 
          572.6070324089729, 
          146.98973962391952
        ], 
        [
          -74.50679940652432, 
          572.6070324089729, 
          1284.8068045571667, 
          509.0036518797675
        ], 
        [
          -434.4092107182532, 
          146.98973962391952, 
          509.0036518797675, 
          422.2312685622368
        ]
      ], 
      "n_events": 24798.0, 
      "mean": [
        -6.23219377112341, 
        2.835779274598009, 
        0.49046459640162554, 
        3.2971149887866207
      ]
    }, 
    {
      "max_amplitude": 19.99421501159668, 
      "emittance": 2.177670930329301, 
      "cov": [
        [
          809.8635347064594, 
          160.0345402712106, 
          -76.69903126962694, 
          -417.39036900440664
        ], 
        [
          160.0345402712106, 
          422.7450875526094, 
          562.1157462594742, 
          143.66949792712973
        ], 
        [
          -76.69903126962694, 
          562.1157462594742, 
          1262.095905680267, 
          506.18388166872757
        ], 
        [
          -417.39036900440664, 
          143.66949792712973, 
          506.18388166872757, 
          411.6725115949245
        ]
      ], 
      "n_events": 23662.0, 
      "mean": [
        -6.096419034412348, 
        2.7510813221579995, 
        0.3315542449686278, 
        3.1814888754442623
      ]
    }, 
    {
      "max_amplitude": 14.9979248046875, 
      "emittance": 1.8858848187808837, 
      "cov": [
        [
          716.577855036714, 
          148.6704952931036, 
          -86.4767902426806, 
          -376.2829031869119
        ], 
        [
          148.6704952931036, 
          392.70040316495096, 
          543.4867534341415, 
          142.88386239179368
        ], 
        [
          -86.4767902426806, 
          543.4867534341415, 
          1224.6592526243526, 
          502.13204323183044
        ], 
        [
          -376.2829031869119, 
          142.88386239179368, 
          502.13204323183044, 
          388.03469593788446
        ]
      ], 
      "n_events": 20764.0, 
      "mean": [
        -5.991015508540571, 
        2.675522789281144, 
        0.2730492169565068, 
        3.1563185865811154
      ]
    }, 
    {
      "max_amplitude": 9.998208999633789, 
      "emittance": 1.4101026996546713, 
      "cov": [
        [
          530.1630420930973, 
          103.31479777740503, 
          -100.53581273791431, 
          -293.0178386948936
        ], 
        [
          103.31479777740503, 
          325.60698910677115, 
          483.9563431073832, 
          142.93919705316472
        ], 
        [
          -100.53581273791431, 
          483.9563431073832, 
          1105.0859725855487, 
          470.8332286978911
        ], 
        [
          -293.0178386948936, 
          142.93919705316472, 
          470.8332286978911, 
          333.40436546862225
        ]
      ], 
      "n_events": 14620.0, 
      "mean": [
        -5.854420935358886, 
        2.49234596356438, 
        0.2251391987482257, 
        3.1350095245768865
      ]
    }, 
    {
      "max_amplitude": 5.0, 
      "emittance": 0.7624511513375349, 
      "cov": [
        [
          270.8805403702344, 
          48.36867674900704, 
          -82.09601703033265, 
          -162.32087751409898
        ], 
        [
          48.36867674900704, 
          200.3853431536007, 
          312.5786471428561, 
          102.08272767627034
        ], 
        [
          -82.09601703033265, 
          312.5786471428561, 
          715.1390386324214, 
          317.323316210711
        ], 
        [
          -162.32087751409898, 
          102.08272767627034, 
          317.323316210711, 
          208.00115312576702
        ]
      ], 
      "n_events": 5586.0, 
      "mean": [
        -4.916572829884958, 
        2.889054102984154, 
        1.3668152119474362, 
        3.0972846882139695
      ]
    }, 
    {
      "max_amplitude": 0.0, 
      "emittance": 0.7624511513375349, 
      "cov": [
        [
          420.8880848191178, 
          -47.25209462567001, 
          -462.8659176700698, 
          -385.32941409507106
        ], 
        [
          -47.25209462567001, 
          457.83401044932845, 
          887.8930094543439, 
          387.42254897120483
        ], 
        [
          -462.8659176700698, 
          887.8930094543439, 
          2175.274216528277, 
          1100.5014300141768
        ], 
        [
          -385.32941409507106, 
          387.42254897120483, 
          1100.5014300141768, 
          632.398446014644
        ]
      ], 
      "n_events": 100.0, 
      "mean": [
        -4.0105800715626145, 
        3.989310062189547, 
        3.6428630920843337, 
        3.960770396730178
      ]
    }
  ], 
  [
    {
      "max_amplitude": 450.92041015625, 
      "emittance": 2.574423209976325, 
      "cov": [
        [
          876.7423067546447, 
          157.25367748599245, 
          -63.179329375485565, 
          -444.53918625606923
        ], 
        [
          157.25367748599245, 
          446.3801406931763, 
          572.3465497953631, 
          143.3822375502211
        ], 
        [
          -63.179329375485565, 
          572.3465497953631, 
          1286.65267453878, 
          494.37482823721234
        ], 
        [
          -444.53918625606923, 
          143.3822375502211, 
          494.37482823721234, 
          425.11455897009137
        ]
      ], 
      "n_events": 25651.0, 
      "mean": [
        -5.875878468401089, 
        2.900679923790598, 
        0.6662983416488252, 
        3.153370339843379
      ]
    }, 
    {
      "max_amplitude": 97.689697265625, 
      "emittance": 2.5181703071627313, 
      "cov": [
        [
          876.5912146964723, 
          157.44542368314725, 
          -63.75310974914352, 
          -444.53586362440757
        ], 
        [
          157.44542368314725, 
          445.1502553751251, 
          571.2715272373803, 
          144.06004962009513
        ], 
        [
          -63.75310974914352, 
          571.2715272373803, 
          1283.601838341785, 
          496.1947332181513
        ], 
        [
          -444.53586362440757, 
          144.06004962009513, 
          496.1947332181513, 
          424.24145624970845
        ]
      ], 
      "n_events": 25617.0, 
      "mean": [
        -5.886869795028138, 
        2.899206083193945, 
        0.6668661384997158, 
        3.164749497843057
      ]
    }, 
    {
      "max_amplitude": 93.82037353515625, 
      "emittance": 2.514732048619741, 
      "cov": [
        [
          876.7007560393372, 
          157.5468448100383, 
          -63.66408832193883, 
          -444.607313839482
        ], 
        [
          157.5468448100383, 
          444.9408813579106, 
          570.9832800576041, 
          144.04338346495496
        ], 
        [
          -63.66408832193883, 
          570.9832800576041, 
          1283.2546596924296, 
          496.22857924674946
        ], 
        [
          -444.607313839482, 
          144.04338346495496, 
          496.22857924674946, 
          424.2463559323119
        ]
      ], 
      "n_events": 25613.0, 
      "mean": [
        -5.88598119127628, 
        2.8978766933049713, 
        0.6661973396121583, 
        3.1639629708962276
      ]
    }, 
    {
      "max_amplitude": 87.0464859008789, 
      "emittance": 2.512307987153505, 
      "cov": [
        [
          876.7513945958675, 
          157.53511864309124, 
          -63.60285872426756, 
          -444.67827973366576
        ], 
        [
          157.53511864309124, 
          444.9001146199209, 
          570.9305424352635, 
          144.03451989249078
        ], 
        [
          -63.60285872426756, 
          570.9305424352635, 
          1282.96271706977, 
          496.2759058340954
        ], 
        [
          -444.67827973366576, 
          144.03451989249078, 
          496.2759058340954, 
          424.284935053978
        ]
      ], 
      "n_events": 25610.0, 
      "mean": [
        -5.88636494057702, 
        2.899006269752128, 
        0.6684234297142246, 
        3.1637381974225374
      ]
    }, 
    {
      "max_amplitude": 83.57183074951172, 
      "emittance": 2.5107849291234547, 
      "cov": [
        [
          876.6433227539849, 
          157.54581669498074, 
          -63.55790134337304, 
          -444.5699184237744
        ], 
        [
          157.54581669498074, 
          444.9201167002195, 
          570.9711322648724, 
          144.01392367394348
        ], 
        [
          -63.55790134337304, 
          570.9711322648724, 
          1283.0474523228718, 
          496.2641781678113
        ], 
        [
          -444.5699184237744, 
          144.01392367394348, 
          496.2641781678113, 
          424.1275085897141
        ]
      ], 
      "n_events": 25608.0, 
      "mean": [
        -5.885007820431698, 
        2.8980203056960145, 
        0.6677377767972652, 
        3.160391792154399
      ]
    }, 
    {
      "max_amplitude": 79.1307144165039, 
      "emittance": 2.5072459985656272, 
      "cov": [
        [
          876.5585413866878, 
          157.4877773593824, 
          -63.72304895024629, 
          -444.4813728420788
        ], 
        [
          157.4877773593824, 
          444.8175214633284, 
          570.8401272746771, 
          144.1376305974123
        ], 
        [
          -63.72304895024629, 
          570.8401272746771, 
          1282.890919545247, 
          496.44986218339034
        ], 
        [
          -444.4813728420788, 
          144.1376305974123, 
          496.44986218339034, 
          424.01535623126415
        ]
      ], 
      "n_events": 25603.0, 
      "mean": [
        -5.880070819150696, 
        2.8966454691602626, 
        0.6682093934871903, 
        3.159211799848607
      ]
    }, 
    {
      "max_amplitude": 74.2374267578125, 
      "emittance": 2.504561539319295, 
      "cov": [
        [
          876.6510189701282, 
          157.47433879854412, 
          -63.83921363359676, 
          -444.5424911388725
        ], 
        [
          157.47433879854412, 
          444.7212237200921, 
          570.6755309811141, 
          144.18967986225002
        ], 
        [
          -63.83921363359676, 
          570.6755309811141, 
          1282.5649204758768, 
          496.61127310278965
        ], 
        [
          -444.5424911388725, 
          144.18967986225002, 
          496.61127310278965, 
          424.0578167689531
        ]
      ], 
      "n_events": 25599.0, 
      "mean": [
        -5.882061751061901, 
        2.8926632476690997, 
        0.6612777738561408, 
        3.159579074834882
      ]
    }, 
    {
      "max_amplitude": 69.83612060546875, 
      "emittance": 2.5027512218592354, 
      "cov": [
        [
          876.6430774037689, 
          157.39394571032165, 
          -63.88386004197613, 
          -444.5246631912392
        ], 
        [
          157.39394571032165, 
          444.6736861724598, 
          570.679736967233, 
          144.28675936910037
        ], 
        [
          -63.88386004197613, 
          570.679736967233, 
          1282.5751641746526, 
          496.71551054492556
        ], 
        [
          -444.5246631912392, 
          144.28675936910037, 
          496.71551054492556, 
          424.02506117476736
        ]
      ], 
      "n_events": 25596.0, 
      "mean": [
        -5.883557173015, 
        2.8902869454876505, 
        0.6583847813047822, 
        3.1622841400202795
      ]
    }, 
    {
      "max_amplitude": 63.74995803833008, 
      "emittance": 2.5004986966150757, 
      "cov": [
        [
          876.537299746229, 
          157.4853947014381, 
          -63.874275913720425, 
          -444.52698580224586
        ], 
        [
          157.4853947014381, 
          444.6690527560177, 
          570.6912474165612, 
          144.2759239418104
        ], 
        [
          -63.874275913720425, 
          570.6912474165612, 
          1282.391917350286, 
          496.7949441514418
        ], 
        [
          -444.52698580224586, 
          144.2759239418104, 
          496.7949441514418, 
          424.0549616092823
        ]
      ], 
      "n_events": 25592.0, 
      "mean": [
        -5.883904849351622, 
        2.888612290271874, 
        0.6519190104804525, 
        3.161632101613509
      ]
    }, 
    {
      "max_amplitude": 59.8539924621582, 
      "emittance": 2.4958840329658756, 
      "cov": [
        [
          876.5843790485782, 
          157.5840755989555, 
          -63.86675141408504, 
          -444.56943144642406
        ], 
        [
          157.5840755989555, 
          444.43209666996495, 
          570.1992068943293, 
          144.2978786411693
        ], 
        [
          -63.86675141408504, 
          570.1992068943293, 
          1281.2448871365168, 
          496.8601353435117
        ], 
        [
          -444.56943144642406, 
          144.2978786411693, 
          496.8601353435117, 
          424.1168691643313
        ]
      ], 
      "n_events": 25583.0, 
      "mean": [
        -5.878427237958521, 
        2.892775324044172, 
        0.6563665820463804, 
        3.158340257879121
      ]
    }, 
    {
      "max_amplitude": 54.53742980957031, 
      "emittance": 2.4921810920728853, 
      "cov": [
        [
          876.1471077361512, 
          157.60089270175982, 
          -63.804595156511446, 
          -444.4192463718568
        ], 
        [
          157.60089270175982, 
          444.31090961359746, 
          570.1580610798848, 
          144.27280160453574
        ], 
        [
          -63.804595156511446, 
          570.1580610798848, 
          1281.2549588167371, 
          496.97622402757474
        ], 
        [
          -444.4192463718568, 
          144.27280160453574, 
          496.97622402757474, 
          424.0335036111437
        ]
      ], 
      "n_events": 25575.0, 
      "mean": [
        -5.875535077766948, 
        2.8911234844198423, 
        0.6524866634935603, 
        3.1569641269267503
      ]
    }, 
    {
      "max_amplitude": 49.63450622558594, 
      "emittance": 2.4864374811887493, 
      "cov": [
        [
          875.5141068571734, 
          158.16124917666357, 
          -63.23122509005092, 
          -444.06281461809186
        ], 
        [
          158.16124917666357, 
          443.9499173246401, 
          569.8367483478856, 
          143.9851530659296
        ], 
        [
          -63.23122509005092, 
          569.8367483478856, 
          1280.6616802061192, 
          496.68540455469156
        ], 
        [
          -444.06281461809186, 
          143.9851530659296, 
          496.68540455469156, 
          423.7492663823718
        ]
      ], 
      "n_events": 25561.0, 
      "mean": [
        -5.878248138049302, 
        2.892946774095264, 
        0.6525573631005951, 
        3.162245498604265
      ]
    }, 
    {
      "max_amplitude": 44.97365188598633, 
      "emittance": 2.480265852321355, 
      "cov": [
        [
          875.0772296574015, 
          158.4580613893583, 
          -63.21309842529458, 
          -443.9013649822897
        ], 
        [
          158.4580613893583, 
          443.2270634866752, 
          569.196250570858, 
          143.79693228957268
        ], 
        [
          -63.21309842529458, 
          569.196250570858, 
          1280.011463623829, 
          496.54693411479525
        ], 
        [
          -443.9013649822897, 
          143.79693228957268, 
          496.54693411479525, 
          423.541356275332
        ]
      ], 
      "n_events": 25544.0, 
      "mean": [
        -5.887962195225267, 
        2.891284672197134, 
        0.6467499834543957, 
        3.165537280235482
      ]
    }, 
    {
      "max_amplitude": 39.953704833984375, 
      "emittance": 2.4613475918673435, 
      "cov": [
        [
          873.0315347660489, 
          159.21898774202234, 
          -63.171628720710885, 
          -443.1132128888189
        ], 
        [
          159.21898774202234, 
          442.30126749198496, 
          568.5473007977366, 
          143.38941479690962
        ], 
        [
          -63.171628720710885, 
          568.5473007977366, 
          1278.9351418341269, 
          496.6021181628444
        ], 
        [
          -443.1132128888189, 
          143.38941479690962, 
          496.6021181628444, 
          422.8824297273516
        ]
      ], 
      "n_events": 25485.0, 
      "mean": [
        -5.884674093715901, 
        2.904564919963946, 
        0.6540134103575896, 
        3.1640388607421235
      ]
    }, 
    {
      "max_amplitude": 34.94758605957031, 
      "emittance": 2.438075471153292, 
      "cov": [
        [
          869.3917449747114, 
          160.58854000908963, 
          -62.63475312600237, 
          -440.96367847109445
        ], 
        [
          160.58854000908963, 
          440.3830500879015, 
          567.1497139950222, 
          142.54720615481847
        ], 
        [
          -62.63475312600237, 
          567.1497139950222, 
          1277.459143232974, 
          496.30803777727573
        ], 
        [
          -440.96367847109445, 
          142.54720615481847, 
          496.30803777727573, 
          421.25221732580206
        ]
      ], 
      "n_events": 25398.0, 
      "mean": [
        -5.876424329135426, 
        2.8941777214131448, 
        0.6303026795045907, 
        3.1558945123470963
      ]
    }, 
    {
      "max_amplitude": 29.98143768310547, 
      "emittance": 2.3947950379918885, 
      "cov": [
        [
          862.0950316482979, 
          162.55801671103907, 
          -62.23898128978174, 
          -437.1919178727114
        ], 
        [
          162.55801671103907, 
          436.7895348454275, 
          564.7188715080372, 
          141.22988720139818
        ], 
        [
          -62.23898128978174, 
          564.7188715080372, 
          1272.4353716892358, 
          495.86404787422265
        ], 
        [
          -437.1919178727114, 
          141.22988720139818, 
          495.86404787422265, 
          418.8613470894953
        ]
      ], 
      "n_events": 25202.0, 
      "mean": [
        -5.87317152553603, 
        2.871649713340156, 
        0.56426691353523, 
        3.143423369818213
      ]
    }, 
    {
      "max_amplitude": 24.98837661743164, 
      "emittance": 2.315767467901442, 
      "cov": [
        [
          845.3613148157348, 
          164.76926733300715, 
          -64.880763811311, 
          -429.75463323212966
        ], 
        [
          164.76926733300715, 
          431.74897307784215, 
          561.2096970307689, 
          139.41154009076647
        ], 
        [
          -64.880763811311, 
          561.2096970307689, 
          1262.4636576736739, 
          495.22149596625957
        ], 
        [
          -429.75463323212966, 
          139.41154009076647, 
          495.22149596625957, 
          413.9499746408951
        ]
      ], 
      "n_events": 24755.0, 
      "mean": [
        -5.889518526002556, 
        2.8366832696933058, 
        0.5016723444919632, 
        3.1382009187550186
      ]
    }, 
    {
      "max_amplitude": 19.99723243713379, 
      "emittance": 2.163535735613802, 
      "cov": [
        [
          806.5537871058568, 
          164.91872912375487, 
          -70.64333419536328, 
          -412.42126942321937
        ], 
        [
          164.91872912375487, 
          420.29235296991294, 
          554.8129338764622, 
          138.3134033766056
        ], 
        [
          -70.64333419536328, 
          554.8129338764622, 
          1248.225913904414, 
          495.82755407783054
        ], 
        [
          -412.42126942321937, 
          138.3134033766056, 
          495.82755407783054, 
          403.8604848869537
        ]
      ], 
      "n_events": 23633.0, 
      "mean": [
        -5.723186844105268, 
        2.854876564378929, 
        0.4930870895341973, 
        3.0723603373358346
      ]
    }, 
    {
      "max_amplitude": 14.999982833862305, 
      "emittance": 1.8772928598233667, 
      "cov": [
        [
          722.5424470233143, 
          158.99741623127866, 
          -75.977262375954, 
          -373.6463172434158
        ], 
        [
          158.99741623127866, 
          390.93188000774273, 
          533.48401759256, 
          133.76054267129481
        ], 
        [
          -75.977262375954, 
          533.48401759256, 
          1201.8133482595883, 
          486.9266712675988
        ], 
        [
          -373.6463172434158, 
          133.76054267129481, 
          486.9266712675988, 
          379.5131677939213
        ]
      ], 
      "n_events": 20807.0, 
      "mean": [
        -5.445225098321096, 
        2.9201941581405695, 
        0.7334960795530145, 
        3.025241384359015
      ]
    }, 
    {
      "max_amplitude": 9.9935941696167, 
      "emittance": 1.4098590617835456, 
      "cov": [
        [
          544.4965850546846, 
          116.42099455230633, 
          -87.54711599788183, 
          -293.65539056761014
        ], 
        [
          116.42099455230633, 
          330.99259857935914, 
          484.66487232776433, 
          136.56866394829976
        ], 
        [
          -87.54711599788183, 
          484.66487232776433, 
          1098.144665306921, 
          461.09339351954424
        ], 
        [
          -293.65539056761014, 
          136.56866394829976, 
          461.09339351954424, 
          328.62429929348656
        ]
      ], 
      "n_events": 14773.0, 
      "mean": [
        -5.091224534269083, 
        2.997666131567086, 
        0.9991422925317384, 
        2.953688651221338
      ]
    }, 
    {
      "max_amplitude": 5.0, 
      "emittance": 0.7670965717545645, 
      "cov": [
        [
          289.8373996588556, 
          60.61077931801629, 
          -62.73267248007087, 
          -162.08958493465528
        ], 
        [
          60.61077931801629, 
          196.85328145581556, 
          305.9466344192316, 
          92.50381140713053
        ], 
        [
          -62.73267248007087, 
          305.9466344192316, 
          708.3737088787485, 
          302.6940761753384
        ], 
        [
          -162.08958493465528, 
          92.50381140713053, 
          302.6940761753384, 
          199.73935554152257
        ]
      ], 
      "n_events": 5655.0, 
      "mean": [
        -4.6947882402724765, 
        3.171093469426848, 
        1.013332622869096, 
        2.8926257707070824
      ]
    }, 
    {
      "max_amplitude": 0.0, 
      "emittance": 0.7670965717545645, 
      "cov": [
        [
          427.9200230995577, 
          20.639533651952927, 
          -345.18880706590295, 
          -335.8428695159561
        ], 
        [
          20.639533651952927, 
          472.3699202590653, 
          912.5358747464297, 
          355.9850132206041
        ], 
        [
          -345.18880706590295, 
          912.5358747464297, 
          2227.110692468221, 
          1045.6452188180024
        ], 
        [
          -335.8428695159561, 
          355.9850132206041, 
          1045.6452188180024, 
          575.5932350067878
        ]
      ], 
      "n_events": 100.0, 
      "mean": [
        0.25720908795471925, 
        6.503005539611656, 
        3.7393634361057444, 
        1.3033795617728077
      ]
    }
  ]
]
