[
  [
    {
      "max_amplitude": 100.0, 
      "emittance": 3.1223727797725056, 
      "cov": [
        [
          4046.400746437633, 
          -375.3118428134123, 
          682.2150228945223, 
          -1462.3167318940086
        ], 
        [
          -375.3118428134123, 
          400.9018575376906, 
          1043.7632045278601, 
          -15.333050963380328
        ], 
        [
          682.2150228945223, 
          1043.7632045278601, 
          3714.4256617225274, 
          -699.0633068429003
        ], 
        [
          -1462.3167318940086, 
          -15.333050963380328, 
          -699.0633068429003, 
          622.5402493424015
        ]
      ], 
      "n_events": 24165.0, 
      "mean": [
        -0.33418221169587237, 
        -0.4513190089864973, 
        -1.3370810627456189, 
        -3.669142348347113
      ]
    }, 
    {
      "max_amplitude": 95.95571899414062, 
      "emittance": 3.0566533627571078, 
      "cov": [
        [
          4045.0832235194503, 
          -375.8792893340089, 
          681.8829673933875, 
          -1462.842470585115
        ], 
        [
          -375.8792893340089, 
          400.2502977883135, 
          1044.2069609140256, 
          -15.364179633308307
        ], 
        [
          681.8829673933875, 
          1044.2069609140256, 
          3714.004574257268, 
          -699.1975660049367
        ], 
        [
          -1462.842470585115, 
          -15.364179633308307, 
          -699.1975660049367, 
          622.3507790101997
        ]
      ], 
      "n_events": 24127.0, 
      "mean": [
        -0.3633157564730887, 
        -0.4453170112820296, 
        -1.3298233922505676, 
        -3.6623667158465785
      ]
    }, 
    {
      "max_amplitude": 93.31207275390625, 
      "emittance": 3.05127593838266, 
      "cov": [
        [
          4043.5351901998492, 
          -375.6962863797812, 
          682.5883562352966, 
          -1462.4975257087042
        ], 
        [
          -375.6962863797812, 
          400.2331420791556, 
          1044.3663178392858, 
          -15.442389122405501
        ], 
        [
          682.5883562352966, 
          1044.3663178392858, 
          3714.6060116986864, 
          -699.5081971778309
        ], 
        [
          -1462.4975257087042, 
          -15.442389122405501, 
          -699.5081971778309, 
          622.2585001467666
        ]
      ], 
      "n_events": 24121.0, 
      "mean": [
        -0.3584591770015379, 
        -0.4459946330340117, 
        -1.3271750236089903, 
        -3.6667382793145986
      ]
    }, 
    {
      "max_amplitude": 89.48016357421875, 
      "emittance": 3.0487764664198727, 
      "cov": [
        [
          4043.4336164764222, 
          -375.80159843405636, 
          682.1816243156557, 
          -1462.538827219679
        ], 
        [
          -375.80159843405636, 
          400.2268751250157, 
          1044.442751217181, 
          -15.425671579513155
        ], 
        [
          682.1816243156557, 
          1044.442751217181, 
          3714.6670889970846, 
          -699.4774902554865
        ], 
        [
          -1462.538827219679, 
          -15.425671579513155, 
          -699.4774902554865, 
          622.2866181055499
        ]
      ], 
      "n_events": 24118.0, 
      "mean": [
        -0.355817767680157, 
        -0.4481193906927298, 
        -1.3253149796740606, 
        -3.6670445875557314
      ]
    }, 
    {
      "max_amplitude": 83.40811157226562, 
      "emittance": 3.0425349900317373, 
      "cov": [
        [
          4043.933587993251, 
          -375.7428990319015, 
          682.3244498749673, 
          -1462.728634358372
        ], 
        [
          -375.7428990319015, 
          400.1536334597548, 
          1044.5029420420947, 
          -15.512579933678134
        ], 
        [
          682.3244498749673, 
          1044.5029420420947, 
          3714.5646853472203, 
          -699.6997907770015
        ], 
        [
          -1462.728634358372, 
          -15.512579933678134, 
          -699.6997907770015, 
          622.3113273757577
        ]
      ], 
      "n_events": 24110.0, 
      "mean": [
        -0.3597080767822424, 
        -0.4451787515231945, 
        -1.313497048129514, 
        -3.662292004888027
      ]
    }, 
    {
      "max_amplitude": 79.79271697998047, 
      "emittance": 3.0388400324969056, 
      "cov": [
        [
          4044.137550128764, 
          -375.7915614167034, 
          682.262697858477, 
          -1462.7247294263661
        ], 
        [
          -375.7915614167034, 
          400.0440160836256, 
          1044.5086159502937, 
          -15.474527730398684
        ], 
        [
          682.262697858477, 
          1044.5086159502937, 
          3714.7412758727023, 
          -699.7518947634507
        ], 
        [
          -1462.7247294263661, 
          -15.474527730398684, 
          -699.7518947634507, 
          622.254101878725
        ]
      ], 
      "n_events": 24105.0, 
      "mean": [
        -0.35238052847130497, 
        -0.4428286892084361, 
        -1.3056437368941314, 
        -3.6656374640262905
      ]
    }, 
    {
      "max_amplitude": 74.12892150878906, 
      "emittance": 3.034792187979978, 
      "cov": [
        [
          4043.7998381433185, 
          -375.72193792910844, 
          682.6927009688922, 
          -1462.7351795829402
        ], 
        [
          -375.72193792910844, 
          400.0564725025511, 
          1044.682553233933, 
          -15.505442821240486
        ], 
        [
          682.6927009688922, 
          1044.682553233933, 
          3715.2714567290354, 
          -699.9209052911295
        ], 
        [
          -1462.7351795829402, 
          -15.505442821240486, 
          -699.9209052911295, 
          622.2496592836482
        ]
      ], 
      "n_events": 24099.0, 
      "mean": [
        -0.36002245676054306, 
        -0.4429048780973827, 
        -1.3067349524244225, 
        -3.661867642364118
      ]
    }, 
    {
      "max_amplitude": 69.89362335205078, 
      "emittance": 3.0261016041633533, 
      "cov": [
        [
          4044.495050241269, 
          -375.5007675721445, 
          683.295832588269, 
          -1462.6940555806912
        ], 
        [
          -375.5007675721445, 
          399.84428897929985, 
          1044.713033492061, 
          -15.663265282956836
        ], 
        [
          683.295832588269, 
          1044.713033492061, 
          3716.0457341123774, 
          -700.2535832907478
        ], 
        [
          -1462.6940555806912, 
          -15.663265282956836, 
          -700.2535832907478, 
          622.0234542545659
        ]
      ], 
      "n_events": 24085.0, 
      "mean": [
        -0.37439021798898303, 
        -0.43926634161827643, 
        -1.302842313695404, 
        -3.653174099259169
      ]
    }, 
    {
      "max_amplitude": 64.54051208496094, 
      "emittance": 3.018069564932849, 
      "cov": [
        [
          4043.195469087977, 
          -374.9715779274465, 
          683.387823329141, 
          -1462.0685791346318
        ], 
        [
          -374.9715779274465, 
          399.71730307733526, 
          1044.836416146103, 
          -15.99196990748687
        ], 
        [
          683.387823329141, 
          1044.836416146103, 
          3715.8275613686524, 
          -700.3955572595721
        ], 
        [
          -1462.0685791346318, 
          -15.99196990748687, 
          -700.3955572595721, 
          621.6958482571098
        ]
      ], 
      "n_events": 24071.0, 
      "mean": [
        -0.36205060557556196, 
        -0.4388287576637661, 
        -1.297249869638028, 
        -3.6591723662408815
      ]
    }, 
    {
      "max_amplitude": 59.790672302246094, 
      "emittance": 3.009689416816076, 
      "cov": [
        [
          4041.7190462757303, 
          -374.70364325721414, 
          683.4883312512133, 
          -1461.2555947814196
        ], 
        [
          -374.70364325721414, 
          399.4306021327155, 
          1044.4824572879681, 
          -16.099832705087852
        ], 
        [
          683.4883312512133, 
          1044.4824572879681, 
          3715.1191185713355, 
          -700.2392186697709
        ], 
        [
          -1461.2555947814196, 
          -16.099832705087852, 
          -700.2392186697709, 
          621.1581700425986
        ]
      ], 
      "n_events": 24055.0, 
      "mean": [
        -0.3831893378289244, 
        -0.439418704145655, 
        -1.311246647887477, 
        -3.6462103543840834
      ]
    }, 
    {
      "max_amplitude": 54.98665237426758, 
      "emittance": 2.9994385805396253, 
      "cov": [
        [
          4040.971335323082, 
          -374.07548403772523, 
          685.2161683171905, 
          -1460.9506280693477
        ], 
        [
          -374.07548403772523, 
          399.0230499447605, 
          1043.8601444299904, 
          -16.340966064686228
        ], 
        [
          685.2161683171905, 
          1043.8601444299904, 
          3713.8543392800584, 
          -700.8338005569602
        ], 
        [
          -1460.9506280693477, 
          -16.340966064686228, 
          -700.8338005569602, 
          620.8926066388091
        ]
      ], 
      "n_events": 24033.0, 
      "mean": [
        -0.38506480705300694, 
        -0.4403336301206685, 
        -1.3318082287460886, 
        -3.641261265347862
      ]
    }, 
    {
      "max_amplitude": 49.96108627319336, 
      "emittance": 2.9758452421771215, 
      "cov": [
        [
          4039.367348220011, 
          -373.50770553867903, 
          686.061877501134, 
          -1459.79742767351
        ], 
        [
          -373.50770553867903, 
          398.89997584512565, 
          1044.087361208107, 
          -16.77971798083945
        ], 
        [
          686.061877501134, 
          1044.087361208107, 
          3713.855544993364, 
          -701.4275826677733
        ], 
        [
          -1459.79742767351, 
          -16.77971798083945, 
          -701.4275826677733, 
          619.7987032109314
        ]
      ], 
      "n_events": 23977.0, 
      "mean": [
        -0.4192954295300518, 
        -0.4372032208140506, 
        -1.3404151811737848, 
        -3.630511742324991
      ]
    }, 
    {
      "max_amplitude": 44.99121856689453, 
      "emittance": 2.955227576564645, 
      "cov": [
        [
          4034.1843829580266, 
          -372.7482317035237, 
          687.4893203476497, 
          -1458.0261546127297
        ], 
        [
          -372.7482317035237, 
          398.0669218938152, 
          1042.3592297356504, 
          -16.90577107563831
        ], 
        [
          687.4893203476497, 
          1042.3592297356504, 
          3709.0690138134664, 
          -701.7627306072774
        ], 
        [
          -1458.0261546127297, 
          -16.90577107563831, 
          -701.7627306072774, 
          618.7903481620508
        ]
      ], 
      "n_events": 23921.0, 
      "mean": [
        -0.4560108330487731, 
        -0.4525974207173541, 
        -1.4234494882748325, 
        -3.6089309215906553
      ]
    }, 
    {
      "max_amplitude": 39.96659469604492, 
      "emittance": 2.9163949760131107, 
      "cov": [
        [
          4024.731263383401, 
          -371.33341392158087, 
          687.5421756759799, 
          -1454.4979410124972
        ], 
        [
          -371.33341392158087, 
          397.0780789115303, 
          1040.842055645655, 
          -17.482072340883267
        ], 
        [
          687.5421756759799, 
          1040.842055645655, 
          3701.8631436449564, 
          -702.1401638064773
        ], 
        [
          -1454.4979410124972, 
          -17.482072340883267, 
          -702.1401638064773, 
          616.9708232109142
        ]
      ], 
      "n_events": 23800.0, 
      "mean": [
        -0.4488569492771453, 
        -0.4573562830144339, 
        -1.4863035161794886, 
        -3.600621965844167
      ]
    }, 
    {
      "max_amplitude": 34.99795150756836, 
      "emittance": 2.861471657480451, 
      "cov": [
        [
          4002.5600966225365, 
          -366.0995338852054, 
          694.0621086070537, 
          -1446.7449793596315
        ], 
        [
          -366.0995338852054, 
          394.92151147010514, 
          1037.7384697013915, 
          -19.371738983876607
        ], 
        [
          694.0621086070537, 
          1037.7384697013915, 
          3692.0498526005254, 
          -704.9166576842789
        ], 
        [
          -1446.7449793596315, 
          -19.371738983876607, 
          -704.9166576842789, 
          613.5893689098441
        ]
      ], 
      "n_events": 23597.0, 
      "mean": [
        -0.5005046105677081, 
        -0.4657730185539362, 
        -1.6255302079418974, 
        -3.566519621542549
      ]
    }, 
    {
      "max_amplitude": 29.99867057800293, 
      "emittance": 2.764123814611564, 
      "cov": [
        [
          3964.2492022513397, 
          -359.35301777560585, 
          699.5678663887666, 
          -1432.9241321467703
        ], 
        [
          -359.35301777560585, 
          391.90413428131734, 
          1033.5943084762755, 
          -21.211012096583683
        ], 
        [
          699.5678663887666, 
          1033.5943084762755, 
          3676.90365031873, 
          -705.5871827942277
        ], 
        [
          -1432.9241321467703, 
          -21.211012096583683, 
          -705.5871827942277, 
          606.8417115276453
        ]
      ], 
      "n_events": 23161.0, 
      "mean": [
        -0.5721613558482593, 
        -0.46507111047435673, 
        -1.7078581900751049, 
        -3.516983960229257
      ]
    }, 
    {
      "max_amplitude": 24.99305534362793, 
      "emittance": 2.608625433851353, 
      "cov": [
        [
          3879.3292431082964, 
          -340.6110282318668, 
          716.4788888376958, 
          -1404.876628543671
        ], 
        [
          -340.6110282318668, 
          382.6208438558985, 
          1016.7998913350772, 
          -25.626341437393435
        ], 
        [
          716.4788888376958, 
          1016.7998913350772, 
          3624.9692791054076, 
          -707.234103181885
        ], 
        [
          -1404.876628543671, 
          -25.626341437393435, 
          -707.234103181885, 
          594.5501271705948
        ]
      ], 
      "n_events": 22308.0, 
      "mean": [
        -0.9778117620127662, 
        -0.40109441646783534, 
        -1.8492741645841895, 
        -3.3312835870045356
      ]
    }, 
    {
      "max_amplitude": 19.997316360473633, 
      "emittance": 2.3591781565156285, 
      "cov": [
        [
          3729.9958856063067, 
          -309.4401910871375, 
          747.2572840008903, 
          -1356.5038797073992
        ], 
        [
          -309.4401910871375, 
          361.4002918580079, 
          970.5804549100577, 
          -29.14632245932761
        ], 
        [
          747.2572840008903, 
          970.5804549100577, 
          3488.3860949438945, 
          -699.8127553960486
        ], 
        [
          -1356.5038797073992, 
          -29.14632245932761, 
          -699.8127553960486, 
          572.4080150619506
        ]
      ], 
      "n_events": 20553.0, 
      "mean": [
        -1.7988197907561116, 
        -0.38012027844408564, 
        -2.2335479494955477, 
        -2.98161459992682
      ]
    }, 
    {
      "max_amplitude": 14.995379447937012, 
      "emittance": 1.9694235728136564, 
      "cov": [
        [
          3385.0782855679267, 
          -237.8370239971865, 
          811.8607976393321, 
          -1247.247662929358
        ], 
        [
          -237.8370239971865, 
          314.76290561092526, 
          862.7279831547553, 
          -38.83817936068955
        ], 
        [
          811.8607976393321, 
          862.7279831547553, 
          3163.0711950809373, 
          -682.1041240430412
        ], 
        [
          -1247.247662929358, 
          -38.83817936068955, 
          -682.1041240430412, 
          527.9224578446698
        ]
      ], 
      "n_events": 17098.0, 
      "mean": [
        -2.6489342755241805, 
        -0.3665395302629527, 
        -2.6530373279016137, 
        -2.6066446477451914
      ]
    }, 
    {
      "max_amplitude": 9.998770713806152, 
      "emittance": 1.4319574546890832, 
      "cov": [
        [
          2715.9849249418694, 
          -144.44123797051546, 
          780.9555892578188, 
          -1018.9719340026652
        ], 
        [
          -144.44123797051546, 
          237.2821050109089, 
          667.0062576710653, 
          -42.421663077221865
        ], 
        [
          780.9555892578188, 
          667.0062576710653, 
          2500.25355684873, 
          -584.948236964908
        ], 
        [
          -1018.9719340026652, 
          -42.421663077221865, 
          -584.948236964908, 
          432.8000682967616
        ]
      ], 
      "n_events": 11389.0, 
      "mean": [
        -4.351792760883836, 
        -0.18574849624253292, 
        -3.013098968130042, 
        -1.9301234583007796
      ]
    }, 
    {
      "max_amplitude": 5.0, 
      "emittance": 0.7675708052047514, 
      "cov": [
        [
          1592.8770109078987, 
          -70.21486724144489, 
          492.89522744178254, 
          -601.3207428944611
        ], 
        [
          -70.21486724144489, 
          130.56883079403107, 
          370.10694722026784, 
          -26.39157759582871
        ], 
        [
          492.89522744178254, 
          370.10694722026784, 
          1401.3195310428814, 
          -345.38077138595446
        ], 
        [
          -601.3207428944611, 
          -26.39157759582871, 
          -345.38077138595446, 
          253.99998322968707
        ]
      ], 
      "n_events": 4321.0, 
      "mean": [
        -6.193149665490673, 
        -0.8542116189745131, 
        -5.950529673716993, 
        -0.8149646824409148
      ]
    }, 
    {
      "max_amplitude": 0.0, 
      "emittance": 0.7675708052047514, 
      "cov": [
        [
          3553.3572019654835, 
          200.07310635979005, 
          2153.668272644363, 
          -1485.082096123387
        ], 
        [
          200.07310635979005, 
          233.81551627609346, 
          798.5683274251608, 
          -171.05375401731183
        ], 
        [
          2153.668272644363, 
          798.5683274251608, 
          3413.3012752967115, 
          -1163.2547046334132
        ], 
        [
          -1485.082096123387, 
          -171.05375401731183, 
          -1163.2547046334132, 
          658.318266277109
        ]
      ], 
      "n_events": 100.0, 
      "mean": [
        -25.099273221496226, 
        -0.7592179375210528, 
        -15.215814842366989, 
        6.557928957817722
      ]
    }
  ], 
  [
    {
      "max_amplitude": 1772.0408935546875, 
      "emittance": 3.1256687341244516, 
      "cov": [
        [
          4054.9525451073155, 
          -376.4670710956372, 
          686.4194290694611, 
          -1462.1198402413759
        ], 
        [
          -376.4670710956372, 
          401.9560442077246, 
          1047.3177985309674, 
          -16.492378811853225
        ], 
        [
          686.4194290694611, 
          1047.3177985309674, 
          3731.002484232494, 
          -703.6136679387711
        ], 
        [
          -1462.1198402413759, 
          -16.492378811853225, 
          -703.6136679387711, 
          622.2546907792693
        ]
      ], 
      "n_events": 24055.0, 
      "mean": [
        -0.33069149655600805, 
        -0.31385427655512904, 
        -0.9083300838349629, 
        -3.744647526797087
      ]
    }, 
    {
      "max_amplitude": 99.62039947509766, 
      "emittance": 3.0596025714407364, 
      "cov": [
        [
          4054.7148017983086, 
          -377.2365613072345, 
          686.6966600791918, 
          -1462.7867588308825
        ], 
        [
          -377.2365613072345, 
          401.30284977995757, 
          1047.705305347604, 
          -16.578288814883535
        ], 
        [
          686.6966600791918, 
          1047.705305347604, 
          3730.1094596858766, 
          -704.2045732195062
        ], 
        [
          -1462.7867588308825, 
          -16.578288814883535, 
          -704.2045732195062, 
          622.2590653497492
        ]
      ], 
      "n_events": 24027.0, 
      "mean": [
        -0.3517056849065444, 
        -0.31381292372967334, 
        -0.912975813508024, 
        -3.741144974082737
      ]
    }, 
    {
      "max_amplitude": 94.73270416259766, 
      "emittance": 3.0578419417385154, 
      "cov": [
        [
          4054.4005217023855, 
          -377.3441496718884, 
          686.5531627439937, 
          -1462.702732782941
        ], 
        [
          -377.3441496718884, 
          401.32061359225526, 
          1047.777812977606, 
          -16.564089562282884
        ], 
        [
          686.5531627439937, 
          1047.777812977606, 
          3730.3468615374854, 
          -704.1888464975693
        ], 
        [
          -1462.702732782941, 
          -16.564089562282884, 
          -704.1888464975693, 
          622.2352334562156
        ]
      ], 
      "n_events": 24025.0, 
      "mean": [
        -0.3570552697198322, 
        -0.31495301159759154, 
        -0.9139547331910727, 
        -3.740103386175151
      ]
    }, 
    {
      "max_amplitude": 89.16343688964844, 
      "emittance": 3.052046270977132, 
      "cov": [
        [
          4055.069184835134, 
          -377.485831696293, 
          686.6197932328921, 
          -1462.995959992327
        ], 
        [
          -377.485831696293, 
          401.33096509853857, 
          1047.8397613776542, 
          -16.598105801584737
        ], 
        [
          686.6197932328921, 
          1047.8397613776542, 
          3730.095980318217, 
          -704.3622640505039
        ], 
        [
          -1462.995959992327, 
          -16.598105801584737, 
          -704.3622640505039, 
          622.319795354097
        ]
      ], 
      "n_events": 24018.0, 
      "mean": [
        -0.366294156862381, 
        -0.3164101038341664, 
        -0.9233471516494169, 
        -3.738641255350164
      ]
    }, 
    {
      "max_amplitude": 84.34056091308594, 
      "emittance": 3.0497211227719885, 
      "cov": [
        [
          4055.3205674651163, 
          -377.55498608135173, 
          686.7450208386306, 
          -1463.0621131364596
        ], 
        [
          -377.55498608135173, 
          401.36262791164916, 
          1047.9898128169127, 
          -16.592854691177635
        ], 
        [
          686.7450208386306, 
          1047.9898128169127, 
          3730.2478510675433, 
          -704.4813985375131
        ], 
        [
          -1463.0621131364596, 
          -16.592854691177635, 
          -704.4813985375131, 
          622.3429619595727
        ]
      ], 
      "n_events": 24015.0, 
      "mean": [
        -0.3690872520376772, 
        -0.31652833216377324, 
        -0.9282639863622109, 
        -3.737625266705171
      ]
    }, 
    {
      "max_amplitude": 78.70745086669922, 
      "emittance": 3.0453381262150416, 
      "cov": [
        [
          4053.958651708539, 
          -377.284498859494, 
          686.8330959085603, 
          -1462.7571493370265
        ], 
        [
          -377.284498859494, 
          401.30391033608703, 
          1048.1939605135176, 
          -16.688554696899818
        ], 
        [
          686.8330959085603, 
          1048.1939605135176, 
          3730.738992810631, 
          -704.5611970274534
        ], 
        [
          -1462.7571493370265, 
          -16.688554696899818, 
          -704.5611970274534, 
          622.2785555892686
        ]
      ], 
      "n_events": 24009.0, 
      "mean": [
        -0.36714573484165985, 
        -0.31569829432364155, 
        -0.9315799687699666, 
        -3.738827955327473
      ]
    }, 
    {
      "max_amplitude": 74.36795806884766, 
      "emittance": 3.039849705967942, 
      "cov": [
        [
          4053.4582462441117, 
          -377.00051883534417, 
          687.2922727490113, 
          -1462.3052572538631
        ], 
        [
          -377.00051883534417, 
          401.18019106159056, 
          1048.1204875472667, 
          -16.829168822666567
        ], 
        [
          687.2922727490113, 
          1048.1204875472667, 
          3730.797953401509, 
          -704.6446710560737
        ], 
        [
          -1462.3052572538631, 
          -16.829168822666567, 
          -704.6446710560737, 
          621.8893874921381
        ]
      ], 
      "n_events": 24001.0, 
      "mean": [
        -0.3629244876164455, 
        -0.31767146645488387, 
        -0.9415866083465991, 
        -3.739898819965257
      ]
    }, 
    {
      "max_amplitude": 69.43726348876953, 
      "emittance": 3.0386142848221422, 
      "cov": [
        [
          4053.246134153219, 
          -376.78467700643506, 
          687.6493001317059, 
          -1462.1896875455354
        ], 
        [
          -376.78467700643506, 
          401.099488199662, 
          1048.053741835863, 
          -16.940465579921053
        ], 
        [
          687.6493001317059, 
          1048.053741835863, 
          3730.819427083231, 
          -704.8532826621099
        ], 
        [
          -1462.1896875455354, 
          -16.940465579921053, 
          -704.8532826621099, 
          621.8353750070381
        ]
      ], 
      "n_events": 23999.0, 
      "mean": [
        -0.3640941664399339, 
        -0.3176346777201664, 
        -0.9441411559213224, 
        -3.739912122734895
      ]
    }, 
    {
      "max_amplitude": 64.52460479736328, 
      "emittance": 3.0310770500742796, 
      "cov": [
        [
          4052.4851516067565, 
          -376.47623312066946, 
          688.192155320819, 
          -1461.963216714958
        ], 
        [
          -376.47623312066946, 
          400.9021847906366, 
          1048.0620236077941, 
          -17.067649287969303
        ], 
        [
          688.192155320819, 
          1048.0620236077941, 
          3731.2862191499166, 
          -705.0918808517929
        ], 
        [
          -1461.963216714958, 
          -17.067649287969303, 
          -705.0918808517929, 
          621.7010364518314
        ]
      ], 
      "n_events": 23986.0, 
      "mean": [
        -0.3674720042338388, 
        -0.31606683862179036, 
        -0.9386327785577978, 
        -3.7365979137268135
      ]
    }, 
    {
      "max_amplitude": 59.98479461669922, 
      "emittance": 3.024310571150213, 
      "cov": [
        [
          4051.1572872977536, 
          -376.1875856245393, 
          688.6279438763007, 
          -1461.373110269681
        ], 
        [
          -376.1875856245393, 
          400.61312934362445, 
          1047.5298710619659, 
          -17.251344677171854
        ], 
        [
          688.6279438763007, 
          1047.5298710619659, 
          3729.746555389751, 
          -705.40004964365
        ], 
        [
          -1461.373110269681, 
          -17.251344677171854, 
          -705.40004964365, 
          621.4289572342611
        ]
      ], 
      "n_events": 23973.0, 
      "mean": [
        -0.3754090078094589, 
        -0.3125465800188752, 
        -0.9269745493522453, 
        -3.7329588966298988
      ]
    }, 
    {
      "max_amplitude": 54.754859924316406, 
      "emittance": 3.0125203114143666, 
      "cov": [
        [
          4049.9598130143036, 
          -376.41232068737065, 
          688.8815727900752, 
          -1460.9176022689458
        ], 
        [
          -376.41232068737065, 
          400.53962876071984, 
          1047.2197438928727, 
          -17.258763139305675
        ], 
        [
          688.8815727900752, 
          1047.2197438928727, 
          3728.355976380821, 
          -705.745315825366
        ], 
        [
          -1460.9176022689458, 
          -17.258763139305675, 
          -705.745315825366, 
          621.0719295593724
        ]
      ], 
      "n_events": 23948.0, 
      "mean": [
        -0.3738661452858247, 
        -0.31866781430549707, 
        -0.9532149971913799, 
        -3.731515554357459
      ]
    }, 
    {
      "max_amplitude": 49.79744338989258, 
      "emittance": 2.9947843093106656, 
      "cov": [
        [
          4046.88332112124, 
          -375.94507345096645, 
          689.4140227182942, 
          -1459.7964024449952
        ], 
        [
          -375.94507345096645, 
          399.9651371748943, 
          1046.610266174038, 
          -17.54470349488405
        ], 
        [
          689.4140227182942, 
          1046.610266174038, 
          3727.1659905989654, 
          -706.5348407389052
        ], 
        [
          -1459.7964024449952, 
          -17.54470349488405, 
          -706.5348407389052, 
          620.5656256686543
        ]
      ], 
      "n_events": 23906.0, 
      "mean": [
        -0.41398625065455996, 
        -0.32120966701579856, 
        -0.9734527972358944, 
        -3.715193011604077
      ]
    }, 
    {
      "max_amplitude": 44.95355987548828, 
      "emittance": 2.974403901498473, 
      "cov": [
        [
          4045.0209229483353, 
          -376.03279449071107, 
          689.3204567823057, 
          -1459.1890345932177
        ], 
        [
          -376.03279449071107, 
          399.69361256926317, 
          1046.236787528814, 
          -17.438487917704034
        ], 
        [
          689.3204567823057, 
          1046.236787528814, 
          3725.456687222774, 
          -706.6167443023226
        ], 
        [
          -1459.1890345932177, 
          -17.438487917704034, 
          -706.6167443023226, 
          619.921246947257
        ]
      ], 
      "n_events": 23851.0, 
      "mean": [
        -0.4396672788765131, 
        -0.3232382088864738, 
        -1.0062342581561174, 
        -3.698648964742888
      ]
    }, 
    {
      "max_amplitude": 39.988224029541016, 
      "emittance": 2.9373152438349983, 
      "cov": [
        [
          4030.621572669928, 
          -373.1273927364319, 
          693.9844482101431, 
          -1454.3073968196509
        ], 
        [
          -373.1273927364319, 
          399.05592112582576, 
          1046.5922667617626, 
          -18.69101056410648
        ], 
        [
          693.9844482101431, 
          1046.5922667617626, 
          3727.8073194544436, 
          -709.1691786609276
        ], 
        [
          -1454.3073968196509, 
          -18.69101056410648, 
          -709.1691786609276, 
          617.8481031665643
        ]
      ], 
      "n_events": 23736.0, 
      "mean": [
        -0.4305318445353546, 
        -0.3281556235468148, 
        -1.058990654396576, 
        -3.6951086565672564
      ]
    }, 
    {
      "max_amplitude": 34.99272537231445, 
      "emittance": 2.882460478356204, 
      "cov": [
        [
          4014.649408350189, 
          -370.38393475377717, 
          696.3171854073958, 
          -1448.6749251468075
        ], 
        [
          -370.38393475377717, 
          397.50416470009986, 
          1043.6733278660763, 
          -19.651998292955334
        ], 
        [
          696.3171854073958, 
          1043.6733278660763, 
          3716.1030097616404, 
          -709.8707751122528
        ], 
        [
          -1448.6749251468075, 
          -19.651998292955334, 
          -709.8707751122528, 
          614.9824219922432
        ]
      ], 
      "n_events": 23533.0, 
      "mean": [
        -0.5861096689526635, 
        -0.30373054007064815, 
        -1.1004123762422153, 
        -3.631148026412589
      ]
    }, 
    {
      "max_amplitude": 29.995914459228516, 
      "emittance": 2.786410983505262, 
      "cov": [
        [
          3978.568858451876, 
          -364.30961357660647, 
          699.1149051412019, 
          -1435.2283858918067
        ], 
        [
          -364.30961357660647, 
          394.28265044672656, 
          1038.6936592328755, 
          -21.196661874915385
        ], 
        [
          699.1149051412019, 
          1038.6936592328755, 
          3697.5514198539895, 
          -709.5392304788897
        ], 
        [
          -1435.2283858918067, 
          -21.196661874915385, 
          -709.5392304788897, 
          608.1081868843607
        ]
      ], 
      "n_events": 23103.0, 
      "mean": [
        -0.7918713696031693, 
        -0.3180973908178426, 
        -1.2766062172308767, 
        -3.519232563934121
      ]
    }, 
    {
      "max_amplitude": 24.957164764404297, 
      "emittance": 2.628184851830188, 
      "cov": [
        [
          3894.3007719902967, 
          -353.5020543647861, 
          697.1891573025058, 
          -1402.8501617251004
        ], 
        [
          -353.5020543647861, 
          387.445919950788, 
          1025.725619140636, 
          -23.80817778272858
        ], 
        [
          697.1891573025058, 
          1025.725619140636, 
          3651.1587406184003, 
          -705.3325820856446
        ], 
        [
          -1402.8501617251004, 
          -23.80817778272858, 
          -705.3325820856446, 
          592.8083100946852
        ]
      ], 
      "n_events": 22227.0, 
      "mean": [
        -0.9507746356093412, 
        -0.35466331077210134, 
        -1.5687007193748304, 
        -3.4028409554513956
      ]
    }, 
    {
      "max_amplitude": 19.996623992919922, 
      "emittance": 2.3577466533063776, 
      "cov": [
        [
          3730.1124448494643, 
          -316.84224783242524, 
          731.2587483472653, 
          -1350.979925124333
        ], 
        [
          -316.84224783242524, 
          365.46311011969726, 
          979.3610874021198, 
          -29.37416934023333
        ], 
        [
          731.2587483472653, 
          979.3610874021198, 
          3509.503314659137, 
          -699.5448407451499
        ], 
        [
          -1350.979925124333, 
          -29.37416934023333, 
          -699.5448407451499, 
          569.9183389693782
        ]
      ], 
      "n_events": 20328.0, 
      "mean": [
        -1.2552585742559064, 
        -0.41262130084992277, 
        -1.9718469508519152, 
        -3.1808994294752067
      ]
    }, 
    {
      "max_amplitude": 14.997271537780762, 
      "emittance": 1.9760301138758727, 
      "cov": [
        [
          3405.272904616285, 
          -244.58307171956028, 
          803.5478743255305, 
          -1252.575635780606
        ], 
        [
          -244.58307171956028, 
          322.47507323801597, 
          883.4270048710142, 
          -40.205979947852256
        ], 
        [
          803.5478743255305, 
          883.4270048710142, 
          3220.679977592564, 
          -690.2795673178903
        ], 
        [
          -1252.575635780606, 
          -40.205979947852256, 
          -690.2795673178903, 
          531.2248457087467
        ]
      ], 
      "n_events": 16961.0, 
      "mean": [
        -1.9408142470983614, 
        -0.3483638673060626, 
        -2.114700658015026, 
        -2.9150906097702065
      ]
    }, 
    {
      "max_amplitude": 9.995511054992676, 
      "emittance": 1.4364055986786852, 
      "cov": [
        [
          2718.47247873575, 
          -134.02656343351643, 
          830.0596146750631, 
          -1025.4102070158394
        ], 
        [
          -134.02656343351643, 
          240.51498007155521, 
          683.1330515867929, 
          -48.73658327655324
        ], 
        [
          830.0596146750631, 
          683.1330515867929, 
          2579.849064204717, 
          -614.5253336471984
        ], 
        [
          -1025.4102070158394, 
          -48.73658327655324, 
          -614.5253336471984, 
          439.15292896967634
        ]
      ], 
      "n_events": 11252.0, 
      "mean": [
        -3.5237918908962675, 
        -0.35899679694246844, 
        -3.087171617479727, 
        -2.241449233953384
      ]
    }, 
    {
      "max_amplitude": 5.0, 
      "emittance": 0.7638640797762767, 
      "cov": [
        [
          1550.1274536436806, 
          -59.132507555230504, 
          515.028376107384, 
          -587.6428125646917
        ], 
        [
          -59.132507555230504, 
          140.58264894439532, 
          407.7977674563732, 
          -35.21463279260319
        ], 
        [
          515.028376107384, 
          407.7977674563732, 
          1536.1511903349221, 
          -370.1372376699575
        ], 
        [
          -587.6428125646917, 
          -35.21463279260319, 
          -370.1372376699575, 
          251.49163654210122
        ]
      ], 
      "n_events": 4130.0, 
      "mean": [
        -5.801264536663835, 
        -0.9402778365328797, 
        -6.305501613487554, 
        -0.9948352105651855
      ]
    }, 
    {
      "max_amplitude": 0.0, 
      "emittance": 0.7638640797762767, 
      "cov": [
        [
          3449.577888639833, 
          210.36408361555, 
          2182.2509426023917, 
          -1442.4188599759395
        ], 
        [
          210.36408361555, 
          191.3714061945651, 
          687.9444327268418, 
          -160.31964760647259
        ], 
        [
          2182.2509426023917, 
          687.9444327268418, 
          3137.0822538574366, 
          -1134.3542621824097
        ], 
        [
          -1442.4188599759395, 
          -160.31964760647259, 
          -1134.3542621824097, 
          635.9309208558569
        ]
      ], 
      "n_events": 100.0, 
      "mean": [
        -34.26786106789077, 
        -4.886800407846735, 
        -33.03282982915936, 
        11.398340946876639
      ]
    }
  ]
]
