[
  [
    {
      "max_amplitude": 100.0, 
      "emittance": 2.967641361406507, 
      "cov": [
        [
          4092.0009520084445, 
          -367.37022795634346, 
          690.4498847476935, 
          -1511.332434001677
        ], 
        [
          -367.37022795634346, 
          411.7660820369062, 
          1070.1939248883193, 
          -16.056785466251554
        ], 
        [
          690.4498847476935, 
          1070.1939248883193, 
          3718.3586468895405, 
          -699.75129775186
        ], 
        [
          -1511.332434001677, 
          -16.056785466251554, 
          -699.75129775186, 
          647.9716270035965
        ]
      ], 
      "n_events": 25171.0, 
      "mean": [
        0.7371270263009385, 
        -0.3622935552126226, 
        -0.9700982243264391, 
        -2.936497946699138
      ]
    }, 
    {
      "max_amplitude": 98.17976379394531, 
      "emittance": 2.943304518244611, 
      "cov": [
        [
          4091.5343237039137, 
          -367.74698217576093, 
          690.5142548514808, 
          -1511.0334744360914
        ], 
        [
          -367.74698217576093, 
          411.1399860142351, 
          1069.536253689562, 
          -15.951348117217098
        ], 
        [
          690.5142548514808, 
          1069.536253689562, 
          3717.365656625835, 
          -699.6447004950872
        ], 
        [
          -1511.0334744360914, 
          -15.951348117217098, 
          -699.6447004950872, 
          647.6361339839169
        ]
      ], 
      "n_events": 25155.0, 
      "mean": [
        0.7341281950460615, 
        -0.3614103506715096, 
        -0.9672654370103242, 
        -2.9327057496377846
      ]
    }, 
    {
      "max_amplitude": 92.24006652832031, 
      "emittance": 2.941596942952448, 
      "cov": [
        [
          4091.6403116073166, 
          -367.76453108670387, 
          690.4578507493369, 
          -1511.0113215599686
        ], 
        [
          -367.76453108670387, 
          411.13054744743147, 
          1069.6183689842733, 
          -15.958138360013843
        ], 
        [
          690.4578507493369, 
          1069.6183689842733, 
          3717.602860009771, 
          -699.6276788307945
        ], 
        [
          -1511.0113215599686, 
          -15.958138360013843, 
          -699.6276788307945, 
          647.5952092261615
        ]
      ], 
      "n_events": 25153.0, 
      "mean": [
        0.7323570582691505, 
        -0.359670852340023, 
        -0.9678130537295828, 
        -2.9316385016832585
      ]
    }, 
    {
      "max_amplitude": 87.39849090576172, 
      "emittance": 2.940000489282343, 
      "cov": [
        [
          4091.3323670860145, 
          -367.7458607147188, 
          690.4968098058548, 
          -1511.0601841066466
        ], 
        [
          -367.7458607147188, 
          411.1259736563075, 
          1069.6577955202324, 
          -15.958185904380784
        ], 
        [
          690.4968098058548, 
          1069.6577955202324, 
          3717.8328769545615, 
          -699.6723082096713
        ], 
        [
          -1511.0601841066466, 
          -15.958185904380784, 
          -699.6723082096713, 
          647.6373794417146
        ]
      ], 
      "n_events": 25151.0, 
      "mean": [
        0.7257462458798765, 
        -0.35976512180265807, 
        -0.9688070671484174, 
        -2.9307774344047024
      ]
    }, 
    {
      "max_amplitude": 83.21585083007812, 
      "emittance": 2.9355130440375605, 
      "cov": [
        [
          4091.356322476838, 
          -367.8387093640482, 
          690.5811567179147, 
          -1511.1090679171416
        ], 
        [
          -367.8387093640482, 
          411.1267885117294, 
          1069.6963325970644, 
          -15.897900829142609
        ], 
        [
          690.5811567179147, 
          1069.6963325970644, 
          3717.6527201447257, 
          -699.598657217542
        ], 
        [
          -1511.1090679171416, 
          -15.897900829142609, 
          -699.598657217542, 
          647.587874319451
        ]
      ], 
      "n_events": 25145.0, 
      "mean": [
        0.7216301303917892, 
        -0.36338547024413437, 
        -0.9704816426807115, 
        -2.9282158077304383
      ]
    }, 
    {
      "max_amplitude": 77.25109100341797, 
      "emittance": 2.9298984152423238, 
      "cov": [
        [
          4090.9549214090184, 
          -367.6941205886405, 
          690.804199099063, 
          -1511.2151939948526
        ], 
        [
          -367.6941205886405, 
          411.0856975365386, 
          1069.8169737771584, 
          -15.93350652262544
        ], 
        [
          690.804199099063, 
          1069.8169737771584, 
          3717.6140075344683, 
          -699.7379454631233
        ], 
        [
          -1511.2151939948526, 
          -15.93350652262544, 
          -699.7379454631233, 
          647.661261088225
        ]
      ], 
      "n_events": 25137.0, 
      "mean": [
        0.7265013584488078, 
        -0.361278560399569, 
        -0.9649889920076083, 
        -2.9318031004711167
      ]
    }, 
    {
      "max_amplitude": 72.67681121826172, 
      "emittance": 2.9266251329534057, 
      "cov": [
        [
          4091.1428052033216, 
          -367.5541157094248, 
          691.0074786857208, 
          -1511.2352860032966
        ], 
        [
          -367.5541157094248, 
          411.06885612758975, 
          1070.00569622478, 
          -16.024565197672878
        ], 
        [
          691.0074786857208, 
          1070.00569622478, 
          3718.213359802747, 
          -699.870597033772
        ], 
        [
          -1511.2352860032966, 
          -16.024565197672878, 
          -699.870597033772, 
          647.6204148551105
        ]
      ], 
      "n_events": 25132.0, 
      "mean": [
        0.7226699004555839, 
        -0.3617269547899475, 
        -0.9633218897443602, 
        -2.9305953570287206
      ]
    }, 
    {
      "max_amplitude": 69.98502349853516, 
      "emittance": 2.9212091972661285, 
      "cov": [
        [
          4090.47550851462, 
          -367.3138647147074, 
          691.4352297294441, 
          -1510.9534172194708
        ], 
        [
          -367.3138647147074, 
          410.8204774946572, 
          1069.6551426535168, 
          -16.165405859465093
        ], 
        [
          691.4352297294441, 
          1069.6551426535168, 
          3717.717603203831, 
          -700.1311551500887
        ], 
        [
          -1510.9534172194708, 
          -16.165405859465093, 
          -700.1311551500887, 
          647.4711665121497
        ]
      ], 
      "n_events": 25123.0, 
      "mean": [
        0.7222437020726985, 
        -0.3605654409187364, 
        -0.9642869389905893, 
        -2.9307648768463994
      ]
    }, 
    {
      "max_amplitude": 63.64927291870117, 
      "emittance": 2.9161608673278985, 
      "cov": [
        [
          4089.871627885296, 
          -366.92558269577927, 
          692.3688504327938, 
          -1510.6006453833845
        ], 
        [
          -366.92558269577927, 
          410.7152090792514, 
          1069.64871906775, 
          -16.39207996160963
        ], 
        [
          692.3688504327938, 
          1069.64871906775, 
          3717.921513977526, 
          -700.6327269876439
        ], 
        [
          -1510.6006453833845, 
          -16.39207996160963, 
          -700.6327269876439, 
          647.2636725954992
        ]
      ], 
      "n_events": 25114.0, 
      "mean": [
        0.720743760746428, 
        -0.35952916434768684, 
        -0.9690803085770859, 
        -2.928521525644423
      ]
    }, 
    {
      "max_amplitude": 59.843318939208984, 
      "emittance": 2.9100730711508267, 
      "cov": [
        [
          4089.396482089289, 
          -366.51932082140723, 
          693.0825585663277, 
          -1510.4212545940277
        ], 
        [
          -366.51932082140723, 
          410.50276019373297, 
          1069.4450267096513, 
          -16.583832122674842
        ], 
        [
          693.0825585663277, 
          1069.4450267096513, 
          3717.706778074882, 
          -700.9834105250303
        ], 
        [
          -1510.4212545940277, 
          -16.583832122674842, 
          -700.9834105250303, 
          647.1213353594288
        ]
      ], 
      "n_events": 25102.0, 
      "mean": [
        0.7228309194845083, 
        -0.3553242493032545, 
        -0.9638793491542449, 
        -2.9288647065426625
      ]
    }, 
    {
      "max_amplitude": 54.9379997253418, 
      "emittance": 2.898091643373617, 
      "cov": [
        [
          4086.7752189024995, 
          -365.9976796618776, 
          693.104866327234, 
          -1509.1226649944967
        ], 
        [
          -365.9976796618776, 
          410.21488700014265, 
          1069.2288808129224, 
          -16.89064383774214
        ], 
        [
          693.104866327234, 
          1069.2288808129224, 
          3716.5867639179273, 
          -701.246158282114
        ], 
        [
          -1509.1226649944967, 
          -16.89064383774214, 
          -701.246158282114, 
          646.4214491470333
        ]
      ], 
      "n_events": 25076.0, 
      "mean": [
        0.6872881929383186, 
        -0.34879090109268973, 
        -0.9604673148468129, 
        -2.9137736078188543
      ]
    }, 
    {
      "max_amplitude": 49.93037796020508, 
      "emittance": 2.8818631323301687, 
      "cov": [
        [
          4083.6053826056655, 
          -365.18186175924205, 
          693.7383583136077, 
          -1507.8600359860861
        ], 
        [
          -365.18186175924205, 
          409.69461454255793, 
          1068.5302968334342, 
          -17.348394144183114
        ], 
        [
          693.7383583136077, 
          1068.5302968334342, 
          3714.4971352870407, 
          -702.0355915750524
        ], 
        [
          -1507.8600359860861, 
          -17.348394144183114, 
          -702.0355915750524, 
          645.7644189241568
        ]
      ], 
      "n_events": 25036.0, 
      "mean": [
        0.663575056096719, 
        -0.3635472700533027, 
        -1.0125948085261618, 
        -2.9043780619982895
      ]
    }, 
    {
      "max_amplitude": 44.96910858154297, 
      "emittance": 2.8510633091504367, 
      "cov": [
        [
          4075.74250752171, 
          -364.8414312211074, 
          691.8070185235741, 
          -1504.3940388128715
        ], 
        [
          -364.8414312211074, 
          409.4428238210013, 
          1068.7231973609628, 
          -17.60883272363604
        ], 
        [
          691.8070185235741, 
          1068.7231973609628, 
          3713.6172851522533, 
          -701.4657231285869
        ], 
        [
          -1504.3940388128715, 
          -17.60883272363604, 
          -701.4657231285869, 
          643.7741658554819
        ]
      ], 
      "n_events": 24950.0, 
      "mean": [
        0.6379064979681909, 
        -0.3490201338599321, 
        -1.0072815688410512, 
        -2.887585665714631
      ]
    }, 
    {
      "max_amplitude": 39.930206298828125, 
      "emittance": 2.819618291969757, 
      "cov": [
        [
          4065.2151304102044, 
          -362.5736651665685, 
          694.073114362611, 
          -1500.329470356098
        ], 
        [
          -362.5736651665685, 
          408.39007629548547, 
          1067.8582890918294, 
          -18.483927989448944
        ], 
        [
          694.073114362611, 
          1067.8582890918294, 
          3712.3147055276218, 
          -702.6483114948384
        ], 
        [
          -1500.329470356098, 
          -18.483927989448944, 
          -702.6483114948384, 
          641.8120941910333
        ]
      ], 
      "n_events": 24848.0, 
      "mean": [
        0.5993210316924505, 
        -0.34363112427580617, 
        -1.0335964872399372, 
        -2.8620064062245585
      ]
    }, 
    {
      "max_amplitude": 34.961631774902344, 
      "emittance": 2.7697097249889127, 
      "cov": [
        [
          4040.9612912287207, 
          -357.9242629264094, 
          696.8683824700117, 
          -1490.788373300557
        ], 
        [
          -357.9242629264094, 
          407.0990187181954, 
          1066.8847889352423, 
          -20.427670309024712
        ], 
        [
          696.8683824700117, 
          1066.8847889352423, 
          3707.9742260515827, 
          -703.9762994448873
        ], 
        [
          -1490.788373300557, 
          -20.427670309024712, 
          -703.9762994448873, 
          637.4233631464105
        ]
      ], 
      "n_events": 24657.0, 
      "mean": [
        0.5049401642586011, 
        -0.3465373889791079, 
        -1.1428834232982583, 
        -2.8139520092440766
      ]
    }, 
    {
      "max_amplitude": 29.986164093017578, 
      "emittance": 2.6894026025290154, 
      "cov": [
        [
          4009.610599499355, 
          -353.59560039557084, 
          698.8066254388358, 
          -1478.4225013039918
        ], 
        [
          -353.59560039557084, 
          404.06599267449775, 
          1060.3499917949339, 
          -21.3325633051259
        ], 
        [
          698.8066254388358, 
          1060.3499917949339, 
          3684.3613053991685, 
          -702.8385469173132
        ], 
        [
          -1478.4225013039918, 
          -21.3325633051259, 
          -702.8385469173132, 
          630.8979215697005
        ]
      ], 
      "n_events": 24284.0, 
      "mean": [
        0.511068174032188, 
        -0.3519468416206381, 
        -1.2077352722838732, 
        -2.802607597512375
      ]
    }, 
    {
      "max_amplitude": 24.998607635498047, 
      "emittance": 2.544708584485947, 
      "cov": [
        [
          3943.0899311183166, 
          -340.78594884508243, 
          707.7203667863948, 
          -1453.975282714043
        ], 
        [
          -340.78594884508243, 
          397.3832859032224, 
          1049.0590755288042, 
          -24.29918356465915
        ], 
        [
          707.7203667863948, 
          1049.0590755288042, 
          3649.3783421125186, 
          -702.7025207602713
        ], 
        [
          -1453.975282714043, 
          -24.29918356465915, 
          -702.7025207602713, 
          618.8428472677813
        ]
      ], 
      "n_events": 23459.0, 
      "mean": [
        0.2472238116217689, 
        -0.30482462526995985, 
        -1.2290934212452882, 
        -2.666391194540236
      ]
    }, 
    {
      "max_amplitude": 19.997570037841797, 
      "emittance": 2.307844995969501, 
      "cov": [
        [
          3818.733014274285, 
          -314.30165632505015, 
          732.6932914838266, 
          -1413.7822921645536
        ], 
        [
          -314.30165632505015, 
          377.5317230812561, 
          1004.1358068775279, 
          -27.745071130037992
        ], 
        [
          732.6932914838266, 
          1004.1358068775279, 
          3510.984528521871, 
          -697.6769722842545
        ], 
        [
          -1413.7822921645536, 
          -27.745071130037992, 
          -697.6769722842545, 
          600.8424793731248
        ]
      ], 
      "n_events": 21738.0, 
      "mean": [
        -0.23151913236599092, 
        -0.3947805519164128, 
        -1.8047396999605625, 
        -2.4019571916286013
      ]
    }, 
    {
      "max_amplitude": 14.998156547546387, 
      "emittance": 1.942405487689411, 
      "cov": [
        [
          3514.099754328403, 
          -249.3040011338729, 
          799.4183716743307, 
          -1314.8437206970598
        ], 
        [
          -249.3040011338729, 
          332.6912001909654, 
          897.6111757238041, 
          -35.746235607477146
        ], 
        [
          799.4183716743307, 
          897.6111757238041, 
          3190.5847258812373, 
          -681.4914506466912
        ], 
        [
          -1314.8437206970598, 
          -35.746235607477146, 
          -681.4914506466912, 
          559.0659766635146
        ]
      ], 
      "n_events": 18331.0, 
      "mean": [
        -0.27348190351997154, 
        -0.3003842551726028, 
        -1.629661590647377, 
        -2.4088865648931557
      ]
    }, 
    {
      "max_amplitude": 9.998597145080566, 
      "emittance": 1.4225487081718182, 
      "cov": [
        [
          2891.0386631964566, 
          -151.81762590244702, 
          817.660369968762, 
          -1101.0612318054664
        ], 
        [
          -151.81762590244702, 
          253.30498176318858, 
          702.6709374511538, 
          -42.32951526424292
        ], 
        [
          817.660369968762, 
          702.6709374511538, 
          2578.6520487020916, 
          -609.2932023025302
        ], 
        [
          -1101.0612318054664, 
          -42.32951526424292, 
          -609.2932023025302, 
          469.5875471496987
        ]
      ], 
      "n_events": 12392.0, 
      "mean": [
        -0.8836854952964562, 
        -0.29074146602368695, 
        -1.970183296927436, 
        -2.1160517630517894
      ]
    }, 
    {
      "max_amplitude": 5.0, 
      "emittance": 0.7547425986256399, 
      "cov": [
        [
          1626.7687763013587, 
          -65.02290522897835, 
          512.4670143725452, 
          -626.0516787316742
        ], 
        [
          -65.02290522897835, 
          137.9219998066644, 
          390.6934197896593, 
          -29.22342334051325
        ], 
        [
          512.4670143725452, 
          390.6934197896593, 
          1452.9819507500017, 
          -357.9226998165845
        ], 
        [
          -626.0516787316742, 
          -29.22342334051325, 
          -357.9226998165845, 
          267.4359730868836
        ]
      ], 
      "n_events": 4698.0, 
      "mean": [
        -3.499445008363128, 
        -0.6270550098003365, 
        -4.162977756316322, 
        -0.9020699989998486
      ]
    }, 
    {
      "max_amplitude": 0.0, 
      "emittance": 0.7547425986256399, 
      "cov": [
        [
          4394.554518685179, 
          194.4823571276326, 
          2481.2818464203156, 
          -1846.599557450749
        ], 
        [
          194.4823571276326, 
          239.11787495135795, 
          819.6837810540532, 
          -174.2173219997208
        ], 
        [
          2481.2818464203156, 
          819.6837810540532, 
          3617.7569016236093, 
          -1324.5104246950916
        ], 
        [
          -1846.599557450749, 
          -174.2173219997208, 
          -1324.5104246950916, 
          816.2383927352522
        ]
      ], 
      "n_events": 100.0, 
      "mean": [
        -24.570695344772506, 
        -2.372600452614749, 
        -18.678914247383346, 
        8.379713115177735
      ]
    }
  ], 
  [
    {
      "max_amplitude": 233.38912963867188, 
      "emittance": 2.9517337712252267, 
      "cov": [
        [
          4078.0591077390773, 
          -373.3545755460725, 
          664.7890074618788, 
          -1494.5510623303971
        ], 
        [
          -373.3545755460725, 
          405.1711864462017, 
          1045.7566943781303, 
          -13.708602705647966
        ], 
        [
          664.7890074618788, 
          1045.7566943781303, 
          3630.316512824728, 
          -684.1036349820557
        ], 
        [
          -1494.5510623303971, 
          -13.708602705647966, 
          -684.1036349820557, 
          637.440122740002
        ]
      ], 
      "n_events": 25078.0, 
      "mean": [
        1.1964835629417843, 
        -0.5581951791464479, 
        -1.3841552581280074, 
        -3.036406165263798
      ]
    }, 
    {
      "max_amplitude": 96.6317367553711, 
      "emittance": 2.9301663311363195, 
      "cov": [
        [
          4076.994930425545, 
          -373.61859014595086, 
          664.0923175078934, 
          -1494.0158838409077
        ], 
        [
          -373.61859014595086, 
          404.9483580252431, 
          1045.660736155387, 
          -13.842256853569232
        ], 
        [
          664.0923175078934, 
          1045.660736155387, 
          3629.1473138180763, 
          -683.9393895343586
        ], 
        [
          -1494.0158838409077, 
          -13.842256853569232, 
          -683.9393895343586, 
          637.0571834029735
        ]
      ], 
      "n_events": 25061.0, 
      "mean": [
        1.1943111697760636, 
        -0.5575528451663244, 
        -1.3838505368910954, 
        -3.032597972988624
      ]
    }, 
    {
      "max_amplitude": 91.51396942138672, 
      "emittance": 2.9258980317919345, 
      "cov": [
        [
          4077.5868681437505, 
          -373.74307089220014, 
          664.1273715911847, 
          -1494.2423702880062
        ], 
        [
          -373.74307089220014, 
          404.8282139418513, 
          1045.4965105839512, 
          -13.868624981913424
        ], 
        [
          664.1273715911847, 
          1045.4965105839512, 
          3629.014549651418, 
          -684.1218925105602
        ], 
        [
          -1494.2423702880062, 
          -13.868624981913424, 
          -684.1218925105602, 
          637.1437739006657
        ]
      ], 
      "n_events": 25056.0, 
      "mean": [
        1.1901457338328116, 
        -0.5564385127493301, 
        -1.3849531140844362, 
        -3.0305962365027344
      ]
    }, 
    {
      "max_amplitude": 87.29479217529297, 
      "emittance": 2.92349446077612, 
      "cov": [
        [
          4077.246772015171, 
          -373.8124221949708, 
          664.187522930458, 
          -1493.9961522022327
        ], 
        [
          -373.8124221949708, 
          404.8610101385157, 
          1045.6130311528416, 
          -13.846269373286281
        ], 
        [
          664.187522930458, 
          1045.6130311528416, 
          3629.1856113620215, 
          -684.1267857169618
        ], 
        [
          -1493.9961522022327, 
          -13.846269373286281, 
          -684.1267857169618, 
          636.9788435467497
        ]
      ], 
      "n_events": 25053.0, 
      "mean": [
        1.1969275838586217, 
        -0.5556440788068905, 
        -1.3877169543574137, 
        -3.0337649727907565
      ]
    }, 
    {
      "max_amplitude": 84.18840026855469, 
      "emittance": 2.9197370333084858, 
      "cov": [
        [
          4076.826000453154, 
          -373.54540180641203, 
          664.7157814477515, 
          -1493.8687292485836
        ], 
        [
          -373.54540180641203, 
          404.83329317525084, 
          1045.6666158044623, 
          -13.95782607048992
        ], 
        [
          664.7157814477515, 
          1045.6666158044623, 
          3628.904112428034, 
          -684.2262059428637
        ], 
        [
          -1493.8687292485836, 
          -13.95782607048992, 
          -684.2262059428637, 
          636.9146938599561
        ]
      ], 
      "n_events": 25048.0, 
      "mean": [
        1.1978925770894582, 
        -0.5564585447644869, 
        -1.3862661935587561, 
        -3.0340334341348334
      ]
    }, 
    {
      "max_amplitude": 79.85321807861328, 
      "emittance": 2.916940962342655, 
      "cov": [
        [
          4076.6821757246416, 
          -373.5390917819111, 
          664.2773083304269, 
          -1493.7134199231896
        ], 
        [
          -373.5390917819111, 
          404.77506941006624, 
          1045.6373788755145, 
          -13.964794054031486
        ], 
        [
          664.2773083304269, 
          1045.6373788755145, 
          3628.527824714956, 
          -683.9566303748696
        ], 
        [
          -1493.7134199231896, 
          -13.964794054031486, 
          -683.9566303748696, 
          636.7815660907416
        ]
      ], 
      "n_events": 25044.0, 
      "mean": [
        1.200830278373487, 
        -0.5558834066820336, 
        -1.3858409970528385, 
        -3.03352304979604
      ]
    }, 
    {
      "max_amplitude": 73.8819580078125, 
      "emittance": 2.9143216913162227, 
      "cov": [
        [
          4076.275122192503, 
          -373.3227439269278, 
          664.4511894528335, 
          -1493.5183965964186
        ], 
        [
          -373.3227439269278, 
          404.69115250134837, 
          1045.6335316167765, 
          -14.111891508593471
        ], 
        [
          664.4511894528335, 
          1045.6335316167765, 
          3628.7886344613394, 
          -684.1615116367371
        ], 
        [
          -1493.5183965964186, 
          -14.111891508593471, 
          -684.1615116367371, 
          636.6854718772333
        ]
      ], 
      "n_events": 25040.0, 
      "mean": [
        1.2026257101657591, 
        -0.5579335476877864, 
        -1.3901061475455647, 
        -3.0353350299474564
      ]
    }, 
    {
      "max_amplitude": 69.8943862915039, 
      "emittance": 2.9119330506591132, 
      "cov": [
        [
          4075.376106314824, 
          -373.00230109459125, 
          665.0180480159136, 
          -1493.130174715024
        ], 
        [
          -373.00230109459125, 
          404.6533836625703, 
          1045.679262703634, 
          -14.263768724709823
        ], 
        [
          665.0180480159136, 
          1045.679262703634, 
          3629.102304093346, 
          -684.3891290908075
        ], 
        [
          -1493.130174715024, 
          -14.263768724709823, 
          -684.3891290908075, 
          636.4804170910459
        ]
      ], 
      "n_events": 25036.0, 
      "mean": [
        1.1945256350986466, 
        -0.5550574058265265, 
        -1.3866655550337956, 
        -3.0333109879585884
      ]
    }, 
    {
      "max_amplitude": 64.57313537597656, 
      "emittance": 2.90693765857413, 
      "cov": [
        [
          4075.5057637044897, 
          -373.00294467297243, 
          665.0566042102399, 
          -1493.058165292164
        ], 
        [
          -373.00294467297243, 
          404.51933534585595, 
          1045.6259761907365, 
          -14.30021331005859
        ], 
        [
          665.0566042102399, 
          1045.6259761907365, 
          3629.2361655913255, 
          -684.5058091077406
        ], 
        [
          -1493.058165292164, 
          -14.30021331005859, 
          -684.5058091077406, 
          636.380457800865
        ]
      ], 
      "n_events": 25027.0, 
      "mean": [
        1.184235535641931, 
        -0.5553458319901746, 
        -1.3823162683815082, 
        -3.026675092240929
      ]
    }, 
    {
      "max_amplitude": 59.371280670166016, 
      "emittance": 2.9033782055968116, 
      "cov": [
        [
          4074.8143397169406, 
          -372.93470986047123, 
          665.0807458752486, 
          -1492.601910645122
        ], 
        [
          -372.93470986047123, 
          404.56050114522543, 
          1045.8032821129211, 
          -14.373243188226315
        ], 
        [
          665.0807458752486, 
          1045.8032821129211, 
          3629.4839349427134, 
          -684.4848806953045
        ], 
        [
          -1492.601910645122, 
          -14.373243188226315, 
          -684.4848806953045, 
          636.0856804444858
        ]
      ], 
      "n_events": 25020.0, 
      "mean": [
        1.1788714607428674, 
        -0.552558389446485, 
        -1.3750296321750526, 
        -3.0235064810367773
      ]
    }, 
    {
      "max_amplitude": 54.685089111328125, 
      "emittance": 2.8936980101312386, 
      "cov": [
        [
          4073.659988638143, 
          -372.6018663703826, 
          666.241484703608, 
          -1492.144376228586
        ], 
        [
          -372.6018663703826, 
          404.11784157767795, 
          1044.9156256977756, 
          -14.514130048847964
        ], 
        [
          666.241484703608, 
          1044.9156256977756, 
          3627.3764958887587, 
          -684.93319131391
        ], 
        [
          -1492.144376228586, 
          -14.514130048847964, 
          -684.93319131391, 
          635.8166071025032
        ]
      ], 
      "n_events": 24999.0, 
      "mean": [
        1.1770118202665572, 
        -0.5621638416385084, 
        -1.4067015670365706, 
        -3.0179809761874603
      ]
    }, 
    {
      "max_amplitude": 49.93903350830078, 
      "emittance": 2.880695496184927, 
      "cov": [
        [
          4071.1978407624592, 
          -371.8438827985845, 
          668.4638270585809, 
          -1490.863912738151
        ], 
        [
          -371.8438827985845, 
          403.8083521726679, 
          1044.4377023781165, 
          -14.885591184320456
        ], 
        [
          668.4638270585809, 
          1044.4377023781165, 
          3626.3477377143936, 
          -685.8124312486952
        ], 
        [
          -1490.863912738151, 
          -14.885591184320456, 
          -685.8124312486952, 
          635.0233252674994
        ]
      ], 
      "n_events": 24967.0, 
      "mean": [
        1.1489115555753664, 
        -0.5566970833814113, 
        -1.4065202095899103, 
        -3.006747735604146
      ]
    }, 
    {
      "max_amplitude": 44.970916748046875, 
      "emittance": 2.860603797187228, 
      "cov": [
        [
          4068.398793195987, 
          -370.67398625807056, 
          671.4810521422193, 
          -1490.582938935156
        ], 
        [
          -370.67398625807056, 
          402.9322766587663, 
          1042.973742500188, 
          -15.126891287364439
        ], 
        [
          671.4810521422193, 
          1042.973742500188, 
          3623.4079020047466, 
          -686.8156971118905
        ], 
        [
          -1490.582938935156, 
          -15.126891287364439, 
          -686.8156971118905, 
          634.822050103219
        ]
      ], 
      "n_events": 24911.0, 
      "mean": [
        1.0958348008008518, 
        -0.5532345050971949, 
        -1.4329336740739267, 
        -2.9835902658446742
      ]
    }, 
    {
      "max_amplitude": 39.9788932800293, 
      "emittance": 2.8283165981304004, 
      "cov": [
        [
          4064.3091438009533, 
          -369.61107126101507, 
          674.189692758211, 
          -1489.2051937288873
        ], 
        [
          -369.61107126101507, 
          401.9032981771045, 
          1041.310975151502, 
          -15.335562359998015
        ], 
        [
          674.189692758211, 
          1041.310975151502, 
          3618.8892661035297, 
          -687.7809767301638
        ], 
        [
          -1489.2051937288873, 
          -15.335562359998015, 
          -687.7809767301638, 
          633.7989890287085
        ]
      ], 
      "n_events": 24807.0, 
      "mean": [
        1.041616245142382, 
        -0.5539067665124233, 
        -1.4847324547847205, 
        -2.9592143136677813
      ]
    }, 
    {
      "max_amplitude": 34.95271682739258, 
      "emittance": 2.784897807093657, 
      "cov": [
        [
          4048.6708623539835, 
          -367.16869560365575, 
          678.5140123456571, 
          -1483.8324314000317
        ], 
        [
          -367.16869560365575, 
          400.8887084991891, 
          1040.1910843963285, 
          -16.179531955172653
        ], 
        [
          678.5140123456571, 
          1040.1910843963285, 
          3616.1599733688317, 
          -689.8027408616189
        ], 
        [
          -1483.8324314000317, 
          -16.179531955172653, 
          -689.8027408616189, 
          631.3451730596491
        ]
      ], 
      "n_events": 24642.0, 
      "mean": [
        1.008059517277492, 
        -0.5517236776430927, 
        -1.5282394138856341, 
        -2.9456526772352576
      ]
    }, 
    {
      "max_amplitude": 29.98739242553711, 
      "emittance": 2.6951558240731828, 
      "cov": [
        [
          4012.481433779681, 
          -362.25956973272395, 
          677.0569543068997, 
          -1469.3705538498843
        ], 
        [
          -362.25956973272395, 
          397.92185467227654, 
          1034.679223149622, 
          -17.749283134346438
        ], 
        [
          677.0569543068997, 
          1034.679223149622, 
          3593.122996770588, 
          -688.1030236198533
        ], 
        [
          -1469.3705538498843, 
          -17.749283134346438, 
          -688.1030236198533, 
          624.1710434024341
        ]
      ], 
      "n_events": 24230.0, 
      "mean": [
        0.7419543722836475, 
        -0.5472509250450213, 
        -1.7078930399427728, 
        -2.8223137567498737
      ]
    }, 
    {
      "max_amplitude": 24.998245239257812, 
      "emittance": 2.5507761712434665, 
      "cov": [
        [
          3946.80226736546, 
          -347.94930356383725, 
          687.0340311574298, 
          -1447.0925683158846
        ], 
        [
          -347.94930356383725, 
          388.8315654110455, 
          1017.9011501486721, 
          -20.335451650776726
        ], 
        [
          687.0340311574298, 
          1017.9011501486721, 
          3543.1728765342136, 
          -686.1580227944282
        ], 
        [
          -1447.0925683158846, 
          -20.335451650776726, 
          -686.1580227944282, 
          613.5546448202605
        ]
      ], 
      "n_events": 23407.0, 
      "mean": [
        0.5046315979607028, 
        -0.5392338437924268, 
        -1.8417900830740281, 
        -2.692456148742275
      ]
    }, 
    {
      "max_amplitude": 19.99820327758789, 
      "emittance": 2.305181833469216, 
      "cov": [
        [
          3791.371095714936, 
          -324.00149636254685, 
          691.529581270177, 
          -1393.5490865363472
        ], 
        [
          -324.00149636254685, 
          372.5189321378822, 
          984.2477132374341, 
          -23.347469283760383
        ], 
        [
          691.529581270177, 
          984.2477132374341, 
          3436.3699288249563, 
          -674.2825465560279
        ], 
        [
          -1393.5490865363472, 
          -23.347469283760383, 
          -674.2825465560279, 
          589.3595661702664
        ]
      ], 
      "n_events": 21621.0, 
      "mean": [
        0.38294050562646187, 
        -0.5744071180579392, 
        -2.1019839143412735, 
        -2.5754070753483194
      ]
    }, 
    {
      "max_amplitude": 14.995692253112793, 
      "emittance": 1.941348121810913, 
      "cov": [
        [
          3496.0449943580625, 
          -268.3408088837042, 
          735.0450937208635, 
          -1293.4823510258593
        ], 
        [
          -268.3408088837042, 
          329.63918648456405, 
          879.9871501922876, 
          -29.083091134586414
        ], 
        [
          735.0450937208635, 
          879.9871501922876, 
          3114.197653685905, 
          -651.404792807185
        ], 
        [
          -1293.4823510258593, 
          -29.083091134586414, 
          -651.404792807185, 
          546.0187473823252
        ]
      ], 
      "n_events": 18235.0, 
      "mean": [
        -0.5004313325525263, 
        -0.40656137190811686, 
        -1.901623913315678, 
        -2.2245911982100908
      ]
    }, 
    {
      "max_amplitude": 9.997797012329102, 
      "emittance": 1.4259604226589333, 
      "cov": [
        [
          2822.8989416766235, 
          -170.03512754958288, 
          723.8625037755388, 
          -1062.537712774832
        ], 
        [
          -170.03512754958288, 
          249.0937008102779, 
          682.4937147567294, 
          -34.702673897639066
        ], 
        [
          723.8625037755388, 
          682.4937147567294, 
          2476.968751952505, 
          -564.8172019827767
        ], 
        [
          -1062.537712774832, 
          -34.702673897639066, 
          -564.8172019827767, 
          450.5228709044816
        ]
      ], 
      "n_events": 12387.0, 
      "mean": [
        -1.2612830971148636, 
        -0.2470033583598052, 
        -1.9227812744863282, 
        -1.9100007105973194
      ]
    }, 
    {
      "max_amplitude": 5.0, 
      "emittance": 0.7624562045484669, 
      "cov": [
        [
          1653.1929854854827, 
          -87.56443868923544, 
          441.9022727816413, 
          -626.0695392279669
        ], 
        [
          -87.56443868923544, 
          143.39929278114815, 
          397.3724358418093, 
          -23.782809381160593
        ], 
        [
          441.9022727816413, 
          397.3724358418093, 
          1435.1715394661255, 
          -335.3989185331671
        ], 
        [
          -626.0695392279669, 
          -23.782809381160593, 
          -335.3989185331671, 
          265.45268019166235
        ]
      ], 
      "n_events": 4685.0, 
      "mean": [
        -2.0510521617082893, 
        -0.44159121470691676, 
        -3.1150199860589196, 
        -1.4257189202259068
      ]
    }, 
    {
      "max_amplitude": 0.0, 
      "emittance": 0.7624562045484669, 
      "cov": [
        [
          4587.348503706539, 
          90.72883178903314, 
          2172.868763792027, 
          -1876.2673956381273
        ], 
        [
          90.72883178903314, 
          228.1228696770156, 
          751.0304568478057, 
          -126.57688579901232
        ], 
        [
          2172.868763792027, 
          751.0304568478057, 
          3281.1640931424704, 
          -1162.623623505893
        ], 
        [
          -1876.2673956381273, 
          -126.57688579901232, 
          -1162.623623505893, 
          807.2082147046276
        ]
      ], 
      "n_events": 100.0, 
      "mean": [
        -0.1557667793416253, 
        0.24753242950586973, 
        -0.82061666526112, 
        -2.27382029664754
      ]
    }
  ]
]
