[
  [
    {
      "max_amplitude": 100.0, 
      "emittance": 2.982556223278991, 
      "cov": [
        [
          3940.3210103938686, 
          -490.7388452320864, 
          569.3020546829431, 
          -1409.5716756800593
        ], 
        [
          -490.7388452320864, 
          424.588665905913, 
          998.1882165362794, 
          2.377930390381678
        ], 
        [
          569.3020546829431, 
          998.1882165362794, 
          3457.6178694476603, 
          -718.6449119187105
        ], 
        [
          -1409.5716756800593, 
          2.377930390381678, 
          -718.6449119187105, 
          616.7263300412318
        ]
      ], 
      "n_events": 8816.0, 
      "mean": [
        8.363814653884523, 
        -4.941766677202325, 
        -21.986471230291293, 
        -6.931613792121237
      ]
    }, 
    {
      "max_amplitude": 98.933349609375, 
      "emittance": 2.951755954094341, 
      "cov": [
        [
          3940.9086965333363, 
          -490.98688840759206, 
          570.7835577539979, 
          -1410.393020503591
        ], 
        [
          -490.98688840759206, 
          424.6438016744485, 
          998.6613931614762, 
          2.225560629611408
        ], 
        [
          570.7835577539979, 
          998.6613931614762, 
          3456.94561744576, 
          -719.0132373655339
        ], 
        [
          -1410.393020503591, 
          2.225560629611408, 
          -719.0132373655339, 
          616.9059367181156
        ]
      ], 
      "n_events": 8811.0, 
      "mean": [
        8.34995383873781, 
        -4.942867006040404, 
        -21.976161885736197, 
        -6.937057546510207
      ]
    }, 
    {
      "max_amplitude": 92.2093276977539, 
      "emittance": 2.949340693799305, 
      "cov": [
        [
          3940.5751694254645, 
          -491.0257137299259, 
          570.2917087348442, 
          -1410.5043467100456
        ], 
        [
          -491.0257137299259, 
          424.691635588434, 
          998.7867980249982, 
          2.2247571218346422
        ], 
        [
          570.2917087348442, 
          998.7867980249982, 
          3456.9411912267874, 
          -719.0600911548838
        ], 
        [
          -1410.5043467100456, 
          2.2247571218346422, 
          -719.0600911548838, 
          616.9729142779128
        ]
      ], 
      "n_events": 8810.0, 
      "mean": [
        8.359367337763297, 
        -4.943070862559504, 
        -21.96945169119089, 
        -6.937645491051435
      ]
    }, 
    {
      "max_amplitude": 88.62287139892578, 
      "emittance": 2.949340693799305, 
      "cov": [
        [
          3940.5751694254645, 
          -491.0257137299259, 
          570.2917087348442, 
          -1410.5043467100456
        ], 
        [
          -491.0257137299259, 
          424.691635588434, 
          998.7867980249982, 
          2.2247571218346422
        ], 
        [
          570.2917087348442, 
          998.7867980249982, 
          3456.9411912267874, 
          -719.0600911548838
        ], 
        [
          -1410.5043467100456, 
          2.2247571218346422, 
          -719.0600911548838, 
          616.9729142779128
        ]
      ], 
      "n_events": 8810.0, 
      "mean": [
        8.359367337763297, 
        -4.943070862559504, 
        -21.96945169119089, 
        -6.937645491051435
      ]
    }, 
    {
      "max_amplitude": 83.64684295654297, 
      "emittance": 2.94719178777711, 
      "cov": [
        [
          3939.3186221051137, 
          -491.03966791686156, 
          570.3849685762663, 
          -1410.243232037695
        ], 
        [
          -491.03966791686156, 
          424.73882158804724, 
          998.8994797846443, 
          2.214678711802243
        ], 
        [
          570.3849685762663, 
          998.8994797846443, 
          3457.333140581679, 
          -719.1487711978473
        ], 
        [
          -1410.243232037695, 
          2.214678711802243, 
          -719.1487711978473, 
          616.9388146487555
        ]
      ], 
      "n_events": 8809.0, 
      "mean": [
        8.37327360177286, 
        -4.94341196617978, 
        -21.96968472101237, 
        -6.941083469683195
      ]
    }, 
    {
      "max_amplitude": 78.29033660888672, 
      "emittance": 2.94719178777711, 
      "cov": [
        [
          3939.3186221051137, 
          -491.03966791686156, 
          570.3849685762663, 
          -1410.243232037695
        ], 
        [
          -491.03966791686156, 
          424.73882158804724, 
          998.8994797846443, 
          2.214678711802243
        ], 
        [
          570.3849685762663, 
          998.8994797846443, 
          3457.333140581679, 
          -719.1487711978473
        ], 
        [
          -1410.243232037695, 
          2.214678711802243, 
          -719.1487711978473, 
          616.9388146487555
        ]
      ], 
      "n_events": 8809.0, 
      "mean": [
        8.37327360177286, 
        -4.94341196617978, 
        -21.96968472101237, 
        -6.941083469683195
      ]
    }, 
    {
      "max_amplitude": 73.0685806274414, 
      "emittance": 2.943350521351561, 
      "cov": [
        [
          3939.578115941382, 
          -490.934800939172, 
          571.3664139548737, 
          -1410.5125003487026
        ], 
        [
          -490.934800939172, 
          424.69890842855665, 
          998.8362155546638, 
          2.1888376302420056
        ], 
        [
          571.3664139548737, 
          998.8362155546638, 
          3456.9755107284623, 
          -719.3804589766194
        ], 
        [
          -1410.5125003487026, 
          2.1888376302420056, 
          -719.3804589766194, 
          617.0735372032887
        ]
      ], 
      "n_events": 8807.0, 
      "mean": [
        8.364421795799755, 
        -4.9378481794414535, 
        -21.957817071149076, 
        -6.9400080802721495
      ]
    }, 
    {
      "max_amplitude": 69.78438568115234, 
      "emittance": 2.9416622896904205, 
      "cov": [
        [
          3938.641890434044, 
          -490.6449546482052, 
          572.5841313191137, 
          -1410.233365676867
        ], 
        [
          -490.6449546482052, 
          424.6608134434027, 
          998.6616863710859, 
          2.0793546976481707
        ], 
        [
          572.5841313191137, 
          998.6616863710859, 
          3456.40752214974, 
          -719.8281915873495
        ], 
        [
          -1410.233365676867, 
          2.0793546976481707, 
          -719.8281915873495, 
          617.0041242156954
        ]
      ], 
      "n_events": 8806.0, 
      "mean": [
        8.376955232934144, 
        -4.940978822164404, 
        -21.968260274942313, 
        -6.943987661112862
      ]
    }, 
    {
      "max_amplitude": 64.98522186279297, 
      "emittance": 2.9337839405387123, 
      "cov": [
        [
          3939.198919996553, 
          -490.2929623110905, 
          573.6133571842693, 
          -1410.3893403267373
        ], 
        [
          -490.2929623110905, 
          424.40379754291513, 
          998.086535868771, 
          2.0080755195035778
        ], 
        [
          573.6133571842693, 
          998.086535868771, 
          3453.7007435836854, 
          -719.8727866911955
        ], 
        [
          -1410.3893403267373, 
          2.0080755195035778, 
          -719.8727866911955, 
          616.8984096234703
        ]
      ], 
      "n_events": 8801.0, 
      "mean": [
        8.379010324418358, 
        -4.936197756354002, 
        -21.974560101072736, 
        -6.948060259124033
      ]
    }, 
    {
      "max_amplitude": 59.391990661621094, 
      "emittance": 2.9236737344550128, 
      "cov": [
        [
          3936.0963009094885, 
          -489.6893467369304, 
          575.6818654011599, 
          -1409.511037282286
        ], 
        [
          -489.6893467369304, 
          424.24831376623223, 
          997.5685883249295, 
          1.6400516056513865
        ], 
        [
          575.6818654011599, 
          997.5685883249295, 
          3451.7793658310165, 
          -721.1509842532365
        ], 
        [
          -1409.511037282286, 
          1.6400516056513865, 
          -721.1509842532365, 
          616.6554405297029
        ]
      ], 
      "n_events": 8794.0, 
      "mean": [
        8.417753283737312, 
        -4.951836799673348, 
        -22.023200460437792, 
        -6.962008700275752
      ]
    }, 
    {
      "max_amplitude": 54.673377990722656, 
      "emittance": 2.917270207773282, 
      "cov": [
        [
          3936.9058819774486, 
          -489.7439370725097, 
          576.2984120144787, 
          -1409.7932364932342
        ], 
        [
          -489.7439370725097, 
          423.99280916463795, 
          996.9469775766573, 
          1.5471377546811311
        ], 
        [
          576.2984120144787, 
          996.9469775766573, 
          3449.956269917216, 
          -721.6689346072676
        ], 
        [
          -1409.7932364932342, 
          1.5471377546811311, 
          -721.6689346072676, 
          616.8026756056705
        ]
      ], 
      "n_events": 8789.0, 
      "mean": [
        8.399755696654314, 
        -4.948591661620322, 
        -22.014940295447413, 
        -6.955372520853597
      ]
    }, 
    {
      "max_amplitude": 49.7966194152832, 
      "emittance": 2.9057981507181045, 
      "cov": [
        [
          3935.2932271406926, 
          -489.60328688445907, 
          577.3642155739963, 
          -1408.8986098747412
        ], 
        [
          -489.60328688445907, 
          423.43379031858814, 
          995.8462084618966, 
          1.5061797720031578
        ], 
        [
          577.3642155739963, 
          995.8462084618966, 
          3448.245834922541, 
          -722.205726656008
        ], 
        [
          -1408.8986098747412, 
          1.5061797720031578, 
          -722.205726656008, 
          616.2058975895262
        ]
      ], 
      "n_events": 8779.0, 
      "mean": [
        8.39813252723174, 
        -4.96272403389668, 
        -22.063562295017253, 
        -6.958145211464193
      ]
    }, 
    {
      "max_amplitude": 44.907569885253906, 
      "emittance": 2.8748804905869756, 
      "cov": [
        [
          3932.863216895146, 
          -489.96391586241623, 
          575.7346628134824, 
          -1408.022756422692
        ], 
        [
          -489.96391586241623, 
          423.5332143169091, 
          996.1363391247834, 
          1.2413993540766057
        ], 
        [
          575.7346628134824, 
          996.1363391247834, 
          3446.0671966296186, 
          -722.7083591286499
        ], 
        [
          -1408.022756422692, 
          1.2413993540766057, 
          -722.7083591286499, 
          615.485508030598
        ]
      ], 
      "n_events": 8749.0, 
      "mean": [
        8.378393679972962, 
        -4.964734114991324, 
        -22.135920675032033, 
        -6.954750593887916
      ]
    }, 
    {
      "max_amplitude": 39.973548889160156, 
      "emittance": 2.8404630606272927, 
      "cov": [
        [
          3926.6326069858414, 
          -487.91617382983634, 
          579.5478754218561, 
          -1405.7601469815947
        ], 
        [
          -487.91617382983634, 
          422.57324154937754, 
          994.6568169677184, 
          0.05459063074304993
        ], 
        [
          579.5478754218561, 
          994.6568169677184, 
          3441.518338860012, 
          -725.0440391553177
        ], 
        [
          -1405.7601469815947, 
          0.05459063074304993, 
          -725.0440391553177, 
          614.4281017553343
        ]
      ], 
      "n_events": 8710.0, 
      "mean": [
        8.212270431421405, 
        -4.956304339147625, 
        -22.233233061021068, 
        -6.881212898779414
      ]
    }, 
    {
      "max_amplitude": 34.923255920410156, 
      "emittance": 2.7835642814277457, 
      "cov": [
        [
          3914.0920917368444, 
          -483.607824778955, 
          588.5279432876368, 
          -1402.0070957688008
        ], 
        [
          -483.607824778955, 
          419.6848736075732, 
          989.1501961521748, 
          -1.136286903536572
        ], 
        [
          588.5279432876368, 
          989.1501961521748, 
          3427.2980942590766, 
          -727.5593914607452
        ], 
        [
          -1402.0070957688008, 
          -1.136286903536572, 
          -727.5593914607452, 
          612.452110441099
        ]
      ], 
      "n_events": 8634.0, 
      "mean": [
        8.067070362161898, 
        -4.95523425563389, 
        -22.367210591085808, 
        -6.827223127645714
      ]
    }, 
    {
      "max_amplitude": 29.998579025268555, 
      "emittance": 2.6967531469083323, 
      "cov": [
        [
          3888.428636696652, 
          -476.9622184930456, 
          596.48843557432, 
          -1393.5751240327702
        ], 
        [
          -476.9622184930456, 
          413.922938348784, 
          977.9697446174346, 
          -2.3266978409776975
        ], 
        [
          596.48843557432, 
          977.9697446174346, 
          3397.522677660256, 
          -728.0593099281415
        ], 
        [
          -1393.5751240327702, 
          -2.3266978409776975, 
          -728.0593099281415, 
          608.0986529665064
        ]
      ], 
      "n_events": 8494.0, 
      "mean": [
        7.900401397765163, 
        -4.96776921742786, 
        -22.647570975865897, 
        -6.762796258700825
      ]
    }, 
    {
      "max_amplitude": 24.994915008544922, 
      "emittance": 2.5554651750517396, 
      "cov": [
        [
          3803.7292040833922, 
          -458.81907958395976, 
          613.866460208408, 
          -1367.8091403584592
        ], 
        [
          -458.81907958395976, 
          405.33010782660875, 
          963.898652008598, 
          -6.974875494525968
        ], 
        [
          613.866460208408, 
          963.898652008598, 
          3359.7715833111133, 
          -732.0797187010834
        ], 
        [
          -1367.8091403584592, 
          -6.974875494525968, 
          -732.0797187010834, 
          598.241782747007
        ]
      ], 
      "n_events": 8212.0, 
      "mean": [
        7.9006862316339115, 
        -5.039892103028271, 
        -23.06655727244179, 
        -6.701791050540671
      ]
    }, 
    {
      "max_amplitude": 19.969961166381836, 
      "emittance": 2.335775631052954, 
      "cov": [
        [
          3680.268292767995, 
          -431.73731680277604, 
          641.2509104117487, 
          -1329.481850739645
        ], 
        [
          -431.73731680277604, 
          384.4739016158216, 
          917.0411092477548, 
          -10.272624317985198
        ], 
        [
          641.2509104117487, 
          917.0411092477548, 
          3217.8579555232145, 
          -726.3826670203572
        ], 
        [
          -1329.481850739645, 
          -10.272624317985198, 
          -726.3826670203572, 
          582.321957642428
        ]
      ], 
      "n_events": 7643.0, 
      "mean": [
        7.864653066994277, 
        -5.137868699707199, 
        -23.67538968525632, 
        -6.634019778159609
      ]
    }, 
    {
      "max_amplitude": 14.996918678283691, 
      "emittance": 1.9640927064363822, 
      "cov": [
        [
          3417.487508919014, 
          -370.97502584774884, 
          697.4764061768768, 
          -1250.7944293055295
        ], 
        [
          -370.97502584774884, 
          340.07233886844017, 
          817.3270997336463, 
          -15.358613727413896
        ], 
        [
          697.4764061768768, 
          817.3270997336463, 
          2923.250246487945, 
          -706.3202705769112
        ], 
        [
          -1250.7944293055295, 
          -15.358613727413896, 
          -706.3202705769112, 
          548.975033296612
        ]
      ], 
      "n_events": 6424.0, 
      "mean": [
        7.478178263265622, 
        -5.574719566175409, 
        -25.469611177966076, 
        -6.2258871083085054
      ]
    }, 
    {
      "max_amplitude": 9.997147560119629, 
      "emittance": 1.4385465897698517, 
      "cov": [
        [
          2817.9278773038404, 
          -262.99766583614564, 
          726.9418129436475, 
          -1057.6694880948528
        ], 
        [
          -262.99766583614564, 
          266.3816295226887, 
          653.263153573403, 
          -25.255754109793145
        ], 
        [
          726.9418129436475, 
          653.263153573403, 
          2416.07692383818, 
          -641.9177221852237
        ], 
        [
          -1057.6694880948528, 
          -25.255754109793145, 
          -641.9177221852237, 
          470.53057567246543
        ]
      ], 
      "n_events": 4301.0, 
      "mean": [
        6.547892241813294, 
        -5.9081167742285405, 
        -27.433690419328865, 
        -5.600172757638018
      ]
    }, 
    {
      "max_amplitude": 5.0, 
      "emittance": 0.7765303866643802, 
      "cov": [
        [
          1696.9856226213865, 
          -124.75449106235102, 
          539.2688596145524, 
          -651.1128454399441
        ], 
        [
          -124.75449106235102, 
          146.3154366816224, 
          366.2088076581085, 
          -23.57061903135949
        ], 
        [
          539.2688596145524, 
          366.2088076581085, 
          1409.4163443389566, 
          -417.3749719583192
        ], 
        [
          -651.1128454399441, 
          -23.57061903135949, 
          -417.3749719583192, 
          292.3223274901547
        ]
      ], 
      "n_events": 1580.0, 
      "mean": [
        4.687537215392212, 
        -6.201430300706233, 
        -29.512198982849, 
        -4.634072931089835
      ]
    }, 
    {
      "max_amplitude": 0.0, 
      "emittance": 0.7765303866643802, 
      "cov": [
        [
          3541.9157010725926, 
          -95.74356692729917, 
          1707.1505232093878, 
          -1454.3929721825202
        ], 
        [
          -95.74356692729917, 
          229.4210757376174, 
          612.647320020094, 
          -88.2783916034868
        ], 
        [
          1707.1505232093878, 
          612.647320020094, 
          2750.18751829774, 
          -1073.8425324213013
        ], 
        [
          -1454.3929721825202, 
          -88.2783916034868, 
          -1073.8425324213013, 
          672.1262750633513
        ]
      ], 
      "n_events": 100.0, 
      "mean": [
        -13.089008413618386, 
        -10.446192084424748, 
        -54.06924455626703, 
        5.343283198775141
      ]
    }
  ], 
  [
    {
      "max_amplitude": 319.1490478515625, 
      "emittance": 3.07822659883047, 
      "cov": [
        [
          3999.6378355434613, 
          -519.5807613952417, 
          524.2254356928088, 
          -1428.39189471186
        ], 
        [
          -519.5807613952417, 
          430.5469533979242, 
          998.0648758605327, 
          14.497072303436795
        ], 
        [
          524.2254356928088, 
          998.0648758605327, 
          3443.779300842709, 
          -694.6793913079654
        ], 
        [
          -1428.39189471186, 
          14.497072303436795, 
          -694.6793913079654, 
          622.4020696707432
        ]
      ], 
      "n_events": 8631.0, 
      "mean": [
        8.892902072561782, 
        -4.936017234543917, 
        -21.71370088277753, 
        -7.25147494724881
      ]
    }, 
    {
      "max_amplitude": 100.0, 
      "emittance": 3.0174002459839917, 
      "cov": [
        [
          4000.407486721429, 
          -520.0776425116833, 
          525.3287253688245, 
          -1429.2138296211858
        ], 
        [
          -520.0776425116833, 
          429.5969409747877, 
          997.6026689398941, 
          14.20290986875338
        ], 
        [
          525.3287253688245, 
          997.6026689398941, 
          3440.940743974703, 
          -696.5900388558732
        ], 
        [
          -1429.2138296211858, 
          14.20290986875338, 
          -696.5900388558732, 
          622.5973586817095
        ]
      ], 
      "n_events": 8617.0, 
      "mean": [
        8.886161271783685, 
        -4.924513092805765, 
        -21.711121359112386, 
        -7.256674539694983
      ]
    }, 
    {
      "max_amplitude": 94.99095153808594, 
      "emittance": 3.012377611134642, 
      "cov": [
        [
          4000.126427449309, 
          -520.2368473627575, 
          524.6016594249292, 
          -1429.3756241600804
        ], 
        [
          -520.2368473627575, 
          429.68479491392054, 
          997.8709632444521, 
          14.211689593635413
        ], 
        [
          524.6016594249292, 
          997.8709632444521, 
          3440.7628786251003, 
          -696.6329151069289
        ], 
        [
          -1429.3756241600804, 
          14.211689593635413, 
          -696.6329151069289, 
          622.7180056431135
        ]
      ], 
      "n_events": 8615.0, 
      "mean": [
        8.884157070394112, 
        -4.9261381260718915, 
        -21.703195250075208, 
        -7.256381674238248
      ]
    }, 
    {
      "max_amplitude": 88.6092758178711, 
      "emittance": 3.0054430135767687, 
      "cov": [
        [
          4000.737967119309, 
          -520.5335554787265, 
          524.83117539552, 
          -1429.4777312914935
        ], 
        [
          -520.5335554787265, 
          429.3902861281081, 
          997.2726781585059, 
          14.301406251655877
        ], 
        [
          524.83117539552, 
          997.2726781585059, 
          3439.469571163443, 
          -696.7392480774329
        ], 
        [
          -1429.4777312914935, 
          14.301406251655877, 
          -696.7392480774329, 
          622.7047042135007
        ]
      ], 
      "n_events": 8612.0, 
      "mean": [
        8.900023676146557, 
        -4.924663743025982, 
        -21.703099943033624, 
        -7.265191416671359
      ]
    }, 
    {
      "max_amplitude": 80.41191101074219, 
      "emittance": 3.0011024647413516, 
      "cov": [
        [
          4001.5002288047654, 
          -520.5795071850382, 
          524.7458030473235, 
          -1429.794261662624
        ], 
        [
          -520.5795071850382, 
          429.41805754013706, 
          997.4482495031127, 
          14.377688608644355
        ], 
        [
          524.7458030473235, 
          997.4482495031127, 
          3439.4314442022887, 
          -696.57099638694
        ], 
        [
          -1429.794261662624, 
          14.377688608644355, 
          -696.57099638694, 
          622.6812725884961
        ]
      ], 
      "n_events": 8610.0, 
      "mean": [
        8.893836071253524, 
        -4.921547596692695, 
        -21.709457102694856, 
        -7.265325165046521
      ]
    }, 
    {
      "max_amplitude": 78.9480972290039, 
      "emittance": 2.9970365328687256, 
      "cov": [
        [
          4001.895095682309, 
          -520.937790738646, 
          524.3642782790233, 
          -1429.8628112226957
        ], 
        [
          -520.937790738646, 
          429.2794455388471, 
          997.0258490083784, 
          14.447517203693458
        ], 
        [
          524.3642782790233, 
          997.0258490083784, 
          3438.362334302713, 
          -696.6481468742252
        ], 
        [
          -1429.8628112226957, 
          14.447517203693458, 
          -696.6481468742252, 
          622.6768148331972
        ]
      ], 
      "n_events": 8608.0, 
      "mean": [
        8.903217386437786, 
        -4.920386895702781, 
        -21.71034447171419, 
        -7.271088986999515
      ]
    }, 
    {
      "max_amplitude": 70.92964172363281, 
      "emittance": 2.9913837635496683, 
      "cov": [
        [
          4001.656398292147, 
          -520.6331288006594, 
          524.5736804453056, 
          -1429.7920097842623
        ], 
        [
          -520.6331288006594, 
          428.6708714480053, 
          995.6481562116431, 
          14.291398857912746
        ], 
        [
          524.5736804453056, 
          995.6481562116431, 
          3434.658916635979, 
          -696.9250278703195
        ], 
        [
          -1429.7920097842623, 
          14.291398857912746, 
          -696.9250278703195, 
          622.6710846895899
        ]
      ], 
      "n_events": 8605.0, 
      "mean": [
        8.884174277030409, 
        -4.92347801328285, 
        -21.734180112933064, 
        -7.264146221309752
      ]
    }, 
    {
      "max_amplitude": 68.6091079711914, 
      "emittance": 2.989579014832909, 
      "cov": [
        [
          3999.5056846627494, 
          -520.269352816762, 
          525.4997755443349, 
          -1429.3084450395386
        ], 
        [
          -520.269352816762, 
          428.65187382229766, 
          995.6235500940771, 
          14.187670735921074
        ], 
        [
          525.4997755443349, 
          995.6235500940771, 
          3434.7719815256028, 
          -697.220918787845
        ], 
        [
          -1429.3084450395386, 
          14.187670735921074, 
          -697.220918787845, 
          622.5820642516815
        ]
      ], 
      "n_events": 8604.0, 
      "mean": [
        8.90160859688152, 
        -4.926305922942995, 
        -21.739946410694834, 
        -7.268476811126757
      ]
    }, 
    {
      "max_amplitude": 64.71289825439453, 
      "emittance": 2.9750381116986713, 
      "cov": [
        [
          3996.007160439209, 
          -519.0848520107107, 
          528.1385312898639, 
          -1428.2877719167132
        ], 
        [
          -519.0848520107107, 
          428.3631551728963, 
          995.2773422511837, 
          13.55883257035557
        ], 
        [
          528.1385312898639, 
          995.2773422511837, 
          3433.1980349784917, 
          -698.6562423491496
        ], 
        [
          -1428.2877719167132, 
          13.55883257035557, 
          -698.6562423491496, 
          622.2463661386186
        ]
      ], 
      "n_events": 8595.0, 
      "mean": [
        8.889400238259517, 
        -4.919793230085922, 
        -21.741218200386694, 
        -7.263542192992012
      ]
    }, 
    {
      "max_amplitude": 58.540435791015625, 
      "emittance": 2.967731529278274, 
      "cov": [
        [
          3996.143486796287, 
          -519.7662384734784, 
          526.0576853123434, 
          -1428.0960296637054
        ], 
        [
          -519.7662384734784, 
          428.4249446786432, 
          995.2563878217252, 
          13.786809825157796
        ], 
        [
          526.0576853123434, 
          995.2563878217252, 
          3431.397543620435, 
          -697.7458137477473
        ], 
        [
          -1428.0960296637054, 
          13.786809825157796, 
          -697.7458137477473, 
          621.9498931518973
        ]
      ], 
      "n_events": 8590.0, 
      "mean": [
        8.898431074693413, 
        -4.915562142285664, 
        -21.7327469373853, 
        -7.27287836745565
      ]
    }, 
    {
      "max_amplitude": 54.290550231933594, 
      "emittance": 2.9521788261053175, 
      "cov": [
        [
          3996.9253326908165, 
          -519.565998406171, 
          527.7973279727054, 
          -1428.4949132383865
        ], 
        [
          -519.565998406171, 
          428.1239327981383, 
          994.5689599289817, 
          13.60950081098808
        ], 
        [
          527.7973279727054, 
          994.5689599289817, 
          3428.182686857348, 
          -698.5726112277113
        ], 
        [
          -1428.4949132383865, 
          13.60950081098808, 
          -698.5726112277113, 
          622.0532453587167
        ]
      ], 
      "n_events": 8578.0, 
      "mean": [
        8.896253551333192, 
        -4.898299550292085, 
        -21.70545215634717, 
        -7.2740692754691
      ]
    }, 
    {
      "max_amplitude": 49.64970779418945, 
      "emittance": 2.9355272525803784, 
      "cov": [
        [
          3992.1174589088473, 
          -517.0058656827918, 
          534.1100725991028, 
          -1427.0107991988477
        ], 
        [
          -517.0058656827918, 
          426.8516050035543, 
          992.353510112176, 
          12.528138318555605
        ], 
        [
          534.1100725991028, 
          992.353510112176, 
          3424.7480363547115, 
          -701.6278418458935
        ], 
        [
          -1427.0107991988477, 
          12.528138318555605, 
          -701.6278418458935, 
          621.5709774155043
        ]
      ], 
      "n_events": 8564.0, 
      "mean": [
        8.902861676714133, 
        -4.879796835181027, 
        -21.695807810240662, 
        -7.278830247429724
      ]
    }, 
    {
      "max_amplitude": 44.28973388671875, 
      "emittance": 2.9170522614865897, 
      "cov": [
        [
          3981.465316570673, 
          -515.5235820246346, 
          535.0741635066121, 
          -1422.489307158065
        ], 
        [
          -515.5235820246346, 
          426.3304894684131, 
          991.5762627807106, 
          11.5946203251669
        ], 
        [
          535.0741635066121, 
          991.5762627807106, 
          3422.15997032887, 
          -702.6756555135414
        ], 
        [
          -1422.489307158065, 
          11.5946203251669, 
          -702.6756555135414, 
          619.6820639793564
        ]
      ], 
      "n_events": 8546.0, 
      "mean": [
        9.00420588505909, 
        -4.908316015484461, 
        -21.77147504261569, 
        -7.31460261272129
      ]
    }, 
    {
      "max_amplitude": 39.96590042114258, 
      "emittance": 2.878433363171408, 
      "cov": [
        [
          3974.946123274595, 
          -513.7667130921316, 
          538.7752269836791, 
          -1420.1638295518858
        ], 
        [
          -513.7667130921316, 
          425.01447226089357, 
          989.2259378473302, 
          11.02325586082933
        ], 
        [
          538.7752269836791, 
          989.2259378473302, 
          3414.6832570767847, 
          -704.1280487712943
        ], 
        [
          -1420.1638295518858, 
          11.02325586082933, 
          -704.1280487712943, 
          618.3219215783159
        ]
      ], 
      "n_events": 8503.0, 
      "mean": [
        9.008379583597922, 
        -4.930744393789412, 
        -21.876307986814552, 
        -7.308877928386507
      ]
    }, 
    {
      "max_amplitude": 34.96517562866211, 
      "emittance": 2.8161777753700723, 
      "cov": [
        [
          3954.2432738708703, 
          -508.0681979112843, 
          547.7749485631637, 
          -1414.1303160282694
        ], 
        [
          -508.0681979112843, 
          421.5224133087697, 
          982.7797126719092, 
          9.615848344366896
        ], 
        [
          547.7749485631637, 
          982.7797126719092, 
          3395.9172612322577, 
          -706.7440311497785
        ], 
        [
          -1414.1303160282694, 
          9.615848344366896, 
          -706.7440311497785, 
          615.8104893901547
        ]
      ], 
      "n_events": 8422.0, 
      "mean": [
        8.98216466479597, 
        -4.978877139761407, 
        -22.096050865456235, 
        -7.271415641859304
      ]
    }, 
    {
      "max_amplitude": 29.968406677246094, 
      "emittance": 2.716713973512811, 
      "cov": [
        [
          3901.654028291007, 
          -497.63594573016127, 
          559.1911541541136, 
          -1395.1692948598802
        ], 
        [
          -497.63594573016127, 
          415.24179330604227, 
          970.3398163826143, 
          6.5020050777931715
        ], 
        [
          559.1911541541136, 
          970.3398163826143, 
          3358.401867551744, 
          -709.3333586494795
        ], 
        [
          -1395.1692948598802, 
          6.5020050777931715, 
          -709.3333586494795, 
          607.9997777372057
        ]
      ], 
      "n_events": 8264.0, 
      "mean": [
        9.088503203657613, 
        -5.0844683676501115, 
        -22.549577698149662, 
        -7.265937989742654
      ]
    }, 
    {
      "max_amplitude": 24.989990234375, 
      "emittance": 2.573558443670982, 
      "cov": [
        [
          3835.2125527599583, 
          -482.78190503425986, 
          583.0191873292011, 
          -1376.0504894309965
        ], 
        [
          -482.78190503425986, 
          404.5633951954874, 
          947.8838490799512, 
          3.7708161358819297
        ], 
        [
          583.0191873292011, 
          947.8838490799512, 
          3300.199648909417, 
          -712.971278790651
        ], 
        [
          -1376.0504894309965, 
          3.7708161358819297, 
          -712.971278790651, 
          600.5666243171524
        ]
      ], 
      "n_events": 7982.0, 
      "mean": [
        9.28289927546633, 
        -5.228465083840181, 
        -23.10833073505626, 
        -7.238564483103975
      ]
    }, 
    {
      "max_amplitude": 19.996593475341797, 
      "emittance": 2.348852875304353, 
      "cov": [
        [
          3710.2192546693177, 
          -453.23445468979884, 
          610.7117938447984, 
          -1337.2363892608707
        ], 
        [
          -453.23445468979884, 
          385.0178289369621, 
          908.4873993736967, 
          -0.9815679033348133
        ], 
        [
          610.7117938447984, 
          908.4873993736967, 
          3185.1442865849945, 
          -710.1432422107008
        ], 
        [
          -1337.2363892608707, 
          -0.9815679033348133, 
          -710.1432422107008, 
          584.18462821047
        ]
      ], 
      "n_events": 7420.0, 
      "mean": [
        8.967331760412929, 
        -5.405795942061687, 
        -23.986442796682717, 
        -7.050293985558334
      ]
    }, 
    {
      "max_amplitude": 14.99872875213623, 
      "emittance": 1.9761206867749515, 
      "cov": [
        [
          3432.737756144848, 
          -385.205053449188, 
          682.3000320301417, 
          -1255.7484563587602
        ], 
        [
          -385.205053449188, 
          339.7986678904043, 
          808.7429818292035, 
          -9.685676603750743
        ], 
        [
          682.3000320301417, 
          808.7429818292035, 
          2897.5276809052793, 
          -698.4259396753231
        ], 
        [
          -1255.7484563587602, 
          -9.685676603750743, 
          -698.4259396753231, 
          551.5177065867723
        ]
      ], 
      "n_events": 6233.0, 
      "mean": [
        8.244795956427376, 
        -5.798754224554722, 
        -25.99283917729797, 
        -6.570913561087544
      ]
    }, 
    {
      "max_amplitude": 9.998492240905762, 
      "emittance": 1.4495964610554428, 
      "cov": [
        [
          2826.130909431409, 
          -271.23182474511333, 
          717.9048083632765, 
          -1059.229926769094
        ], 
        [
          -271.23182474511333, 
          260.9139732049234, 
          638.0649632765674, 
          -18.40729987558411
        ], 
        [
          717.9048083632765, 
          638.0649632765674, 
          2389.9031758377155, 
          -628.8800795527243
        ], 
        [
          -1059.229926769094, 
          -18.40729987558411, 
          -628.8800795527243, 
          468.80646723955
        ]
      ], 
      "n_events": 4173.0, 
      "mean": [
        6.546533819635527, 
        -5.860574512637289, 
        -27.469299993089223, 
        -5.819012249668518
      ]
    }, 
    {
      "max_amplitude": 5.0, 
      "emittance": 0.7661538948058922, 
      "cov": [
        [
          1681.8854600922373, 
          -129.23400905541746, 
          519.6494919178081, 
          -647.9073311536465
        ], 
        [
          -129.23400905541746, 
          151.69776199152219, 
          388.0576074796604, 
          -23.269880992310036
        ], 
        [
          519.6494919178081, 
          388.0576074796604, 
          1487.6706089935792, 
          -420.36737544758773
        ], 
        [
          -647.9073311536465, 
          -23.269880992310036, 
          -420.36737544758773, 
          292.3786408581252
        ]
      ], 
      "n_events": 1452.0, 
      "mean": [
        2.4423767398115843, 
        -5.4396820155696215, 
        -29.167284993503152, 
        -4.393704353263682
      ]
    }, 
    {
      "max_amplitude": 0.0, 
      "emittance": 0.7661538948058922, 
      "cov": [
        [
          2834.7777402055435, 
          15.243647239945659, 
          1631.461715038574, 
          -1203.6213603609676
        ], 
        [
          15.243647239945659, 
          227.7300059409754, 
          701.1893553596894, 
          -131.19734473248295
        ], 
        [
          1631.461715038574, 
          701.1893553596894, 
          3066.4459937055944, 
          -1074.5913973764427
        ], 
        [
          -1203.6213603609676, 
          -131.19734473248295, 
          -1074.5913973764427, 
          582.3606991683005
        ]
      ], 
      "n_events": 100.0, 
      "mean": [
        -23.939724440045413, 
        -6.306577891271366, 
        -48.48524486507516, 
        6.9565360888997345
      ]
    }
  ]
]
