[
  [
    {
      "max_amplitude": 100.0, 
      "emittance": 2.4560518026180462, 
      "cov": [
        [
          1014.6191512340272, 
          197.31907250563518, 
          -49.57583494165958, 
          -501.8373177428185
        ], 
        [
          197.31907250563518, 
          442.4371382845643, 
          653.487084367529, 
          127.62569272140607
        ], 
        [
          -49.57583494165958, 
          653.487084367529, 
          1485.41601363524, 
          502.7716728563235
        ], 
        [
          -501.8373177428185, 
          127.62569272140607, 
          502.7716728563235, 
          431.67018784479217
        ]
      ], 
      "n_events": 9577.0, 
      "mean": [
        -11.681767685138972, 
        7.643830269033924, 
        -1.2717608667096507, 
        8.29544922977777
      ]
    }, 
    {
      "max_amplitude": 97.23329162597656, 
      "emittance": 2.409277275687778, 
      "cov": [
        [
          1013.7202390720003, 
          197.2063981370144, 
          -49.613812124280216, 
          -501.7089767844517
        ], 
        [
          197.2063981370144, 
          442.2015530777656, 
          654.0204875758529, 
          128.20226032842334
        ], 
        [
          -49.613812124280216, 
          654.0204875758529, 
          1485.4219572641573, 
          504.18205221532935
        ], 
        [
          -501.7089767844517, 
          128.20226032842334, 
          504.18205221532935, 
          430.73755314411585
        ]
      ], 
      "n_events": 9566.0, 
      "mean": [
        -11.694885385185753, 
        7.647210081639559, 
        -1.2844523727561004, 
        8.299746215703518
      ]
    }, 
    {
      "max_amplitude": 95.0, 
      "emittance": 2.40695994710735, 
      "cov": [
        [
          1013.8220617567631, 
          197.22127413076493, 
          -49.58279200541833, 
          -501.76812608177187
        ], 
        [
          197.22127413076493, 
          442.2398530211081, 
          654.1388680215089, 
          128.2064129762841
        ], 
        [
          -49.58279200541833, 
          654.1388680215089, 
          1485.26197207201, 
          504.29308576302697
        ], 
        [
          -501.76812608177187, 
          128.2064129762841, 
          504.29308576302697, 
          430.7717963744308
        ]
      ], 
      "n_events": 9565.0, 
      "mean": [
        -11.694226250899492, 
        7.648120635906649, 
        -1.2901930525635057, 
        8.300808237998197
      ]
    }, 
    {
      "max_amplitude": 86.49850463867188, 
      "emittance": 2.404745828809934, 
      "cov": [
        [
          1013.8898565934417, 
          197.21629516702575, 
          -49.56437643980906, 
          -501.8595011675517
        ], 
        [
          197.21629516702575, 
          442.26893830153875, 
          654.2230773639444, 
          128.1937443529216
        ], 
        [
          -49.56437643980906, 
          654.2230773639444, 
          1485.4026919641735, 
          504.3698491843566
        ], 
        [
          -501.8595011675517, 
          128.1937443529216, 
          504.3698491843566, 
          430.7772074694005
        ]
      ], 
      "n_events": 9564.0, 
      "mean": [
        -11.696224905459415, 
        7.6467816004205185, 
        -1.2889586195119318, 
        8.298772965036147
      ]
    }, 
    {
      "max_amplitude": 85.0, 
      "emittance": 2.404745828809934, 
      "cov": [
        [
          1013.8898565934417, 
          197.21629516702575, 
          -49.56437643980906, 
          -501.8595011675517
        ], 
        [
          197.21629516702575, 
          442.26893830153875, 
          654.2230773639444, 
          128.1937443529216
        ], 
        [
          -49.56437643980906, 
          654.2230773639444, 
          1485.4026919641735, 
          504.3698491843566
        ], 
        [
          -501.8595011675517, 
          128.1937443529216, 
          504.3698491843566, 
          430.7772074694005
        ]
      ], 
      "n_events": 9564.0, 
      "mean": [
        -11.696224905459415, 
        7.6467816004205185, 
        -1.2889586195119318, 
        8.298772965036147
      ]
    }, 
    {
      "max_amplitude": 78.909423828125, 
      "emittance": 2.402783056506171, 
      "cov": [
        [
          1013.6808514081274, 
          197.24730388669477, 
          -49.61992508119431, 
          -501.92496804402475
        ], 
        [
          197.24730388669477, 
          442.3148432501518, 
          654.2931496909108, 
          128.20757701315293
        ], 
        [
          -49.61992508119431, 
          654.2931496909108, 
          1485.5499677361624, 
          504.42051451112167
        ], 
        [
          -501.92496804402475, 
          128.20757701315293, 
          504.42051451112167, 
          430.8217174308767
        ]
      ], 
      "n_events": 9563.0, 
      "mean": [
        -11.701963959069248, 
        7.646970868937494, 
        -1.2898761586963463, 
        8.2985364375636
      ]
    }, 
    {
      "max_amplitude": 74.95014190673828, 
      "emittance": 2.3992808040619336, 
      "cov": [
        [
          1013.7480894571386, 
          197.09162748028888, 
          -49.81844181123574, 
          -501.99327041860903
        ], 
        [
          197.09162748028888, 
          442.1088791739169, 
          654.0494488992342, 
          128.30962944046445
        ], 
        [
          -49.81844181123574, 
          654.0494488992342, 
          1485.1088568561936, 
          504.67679894270253
        ], 
        [
          -501.99327041860903, 
          128.30962944046445, 
          504.67679894270253, 
          430.8815927029074
        ]
      ], 
      "n_events": 9561.0, 
      "mean": [
        -11.700578001736627, 
        7.651306081094902, 
        -1.27810629769683, 
        8.296159917296851
      ]
    }, 
    {
      "max_amplitude": 67.70319366455078, 
      "emittance": 2.389439083992317, 
      "cov": [
        [
          1013.8224837398586, 
          197.30480615927797, 
          -50.2311187198129, 
          -502.1608003830903
        ], 
        [
          197.30480615927797, 
          441.5981829609973, 
          653.64669361522, 
          128.32764674889486
        ], 
        [
          -50.2311187198129, 
          653.64669361522, 
          1484.7040709235755, 
          505.1182043177919
        ], 
        [
          -502.1608003830903, 
          128.32764674889486, 
          505.1182043177919, 
          430.92793338450826
        ]
      ], 
      "n_events": 9555.0, 
      "mean": [
        -11.710634624896286, 
        7.644189612302065, 
        -1.2969936012925365, 
        8.302551232571304
      ]
    }, 
    {
      "max_amplitude": 63.794734954833984, 
      "emittance": 2.38481500315117, 
      "cov": [
        [
          1013.6886598784683, 
          197.40681890358576, 
          -50.427073981335674, 
          -502.29213092059194
        ], 
        [
          197.40681890358576, 
          441.6092852782135, 
          653.6640284691028, 
          128.27135740472244
        ], 
        [
          -50.427073981335674, 
          653.6640284691028, 
          1484.0673709858052, 
          505.1743643378708
        ], 
        [
          -502.29213092059194, 
          128.27135740472244, 
          505.1743643378708, 
          430.9875847590381
        ]
      ], 
      "n_events": 9552.0, 
      "mean": [
        -11.715826230425288, 
        7.640482878592968, 
        -1.3148341611785774, 
        8.300226061076925
      ]
    }, 
    {
      "max_amplitude": 59.93748092651367, 
      "emittance": 2.376556540539893, 
      "cov": [
        [
          1013.104626886909, 
          198.16720049151132, 
          -50.13254168749859, 
          -501.96462866520363
        ], 
        [
          198.16720049151132, 
          441.05036491630835, 
          653.382792105862, 
          127.90021177084361
        ], 
        [
          -50.13254168749859, 
          653.382792105862, 
          1483.8655081710372, 
          505.171909576835
        ], 
        [
          -501.96462866520363, 
          127.90021177084361, 
          505.171909576835, 
          430.74900540394424
        ]
      ], 
      "n_events": 9546.0, 
      "mean": [
        -11.735049818358013, 
        7.658202181187424, 
        -1.3003745559831468, 
        8.306933146852371
      ]
    }, 
    {
      "max_amplitude": 54.42189407348633, 
      "emittance": 2.3691828724716095, 
      "cov": [
        [
          1013.082616222422, 
          198.55572633228707, 
          -49.942714731788506, 
          -501.96768392620913
        ], 
        [
          198.55572633228707, 
          440.89804568348853, 
          652.969610563963, 
          127.72753619992119
        ], 
        [
          -49.942714731788506, 
          652.969610563963, 
          1482.5359671436552, 
          505.0799825042835
        ], 
        [
          -501.96768392620913, 
          127.72753619992119, 
          505.0799825042835, 
          430.6473559793315
        ]
      ], 
      "n_events": 9540.0, 
      "mean": [
        -11.737962470324858, 
        7.651048818444803, 
        -1.3279087300373915, 
        8.302781359601143
      ]
    }, 
    {
      "max_amplitude": 49.81352615356445, 
      "emittance": 2.360208196994779, 
      "cov": [
        [
          1011.8250703066815, 
          199.64334290178397, 
          -48.607521964132346, 
          -501.00250667026626
        ], 
        [
          199.64334290178397, 
          440.14863433844334, 
          652.0785091976375, 
          127.21078431537941
        ], 
        [
          -48.607521964132346, 
          652.0785091976375, 
          1481.3485156251375, 
          504.6057655345841
        ], 
        [
          -501.00250667026626, 
          127.21078431537941, 
          504.6057655345841, 
          430.04407637230145
        ]
      ], 
      "n_events": 9532.0, 
      "mean": [
        -11.746597619870165, 
        7.6536707878046375, 
        -1.33857925861764, 
        8.307949184601457
      ]
    }, 
    {
      "max_amplitude": 44.7076416015625, 
      "emittance": 2.349123825546421, 
      "cov": [
        [
          1009.457825607914, 
          199.47896441085445, 
          -50.31540560398747, 
          -500.1336953047521
        ], 
        [
          199.47896441085445, 
          439.7457275583362, 
          652.0250020592126, 
          127.42323624666982
        ], 
        [
          -50.31540560398747, 
          652.0250020592126, 
          1480.8902128483223, 
          505.53475419416884
        ], 
        [
          -500.1336953047521, 
          127.42323624666982, 
          505.53475419416884, 
          429.67785060488177
        ]
      ], 
      "n_events": 9521.0, 
      "mean": [
        -11.787000478701973, 
        7.652838704284081, 
        -1.3644611003438403, 
        8.324084410036761
      ]
    }, 
    {
      "max_amplitude": 39.85731887817383, 
      "emittance": 2.337087631676703, 
      "cov": [
        [
          1009.1214752479237, 
          199.20079298334764, 
          -51.068205297424974, 
          -500.1228527748052
        ], 
        [
          199.20079298334764, 
          439.1103009802033, 
          651.7649938510968, 
          127.7480735153095
        ], 
        [
          -51.068205297424974, 
          651.7649938510968, 
          1480.6350317534427, 
          506.3903483597107
        ], 
        [
          -500.1228527748052, 
          127.7480735153095, 
          506.3903483597107, 
          429.72923956673355
        ]
      ], 
      "n_events": 9507.0, 
      "mean": [
        -11.803989962769144, 
        7.6564010719970295, 
        -1.3441668628806243, 
        8.336636508485764
      ]
    }, 
    {
      "max_amplitude": 34.967926025390625, 
      "emittance": 2.320489166082306, 
      "cov": [
        [
          1005.5928354075375, 
          200.01260030732828, 
          -51.13837467794086, 
          -498.3683798655761
        ], 
        [
          200.01260030732828, 
          438.19861040728307, 
          650.7837781508827, 
          127.19230545311756
        ], 
        [
          -51.13837467794086, 
          650.7837781508827, 
          1478.6415738987541, 
          506.2184983743356
        ], 
        [
          -498.3683798655761, 
          127.19230545311756, 
          506.2184983743356, 
          428.5941626619641
        ]
      ], 
      "n_events": 9484.0, 
      "mean": [
        -11.830997618798543, 
        7.645712863437018, 
        -1.3885689185856638, 
        8.341998392834583
      ]
    }, 
    {
      "max_amplitude": 29.981836318969727, 
      "emittance": 2.2860703657844654, 
      "cov": [
        [
          1000.3926855164657, 
          201.96146404180504, 
          -52.0543099800101, 
          -496.29813444425645
        ], 
        [
          201.96146404180504, 
          437.2833042018324, 
          650.0626719514291, 
          126.35933012166075
        ], 
        [
          -52.0543099800101, 
          650.0626719514291, 
          1475.4928070555222, 
          506.6874486249495
        ], 
        [
          -496.29813444425645, 
          126.35933012166075, 
          506.6874486249495, 
          427.44628370832993
        ]
      ], 
      "n_events": 9427.0, 
      "mean": [
        -11.913883047363425, 
        7.6286342038802015, 
        -1.4363061177026126, 
        8.37465962762643
      ]
    }, 
    {
      "max_amplitude": 24.984006881713867, 
      "emittance": 2.2139195939594085, 
      "cov": [
        [
          986.8424194807646, 
          205.98734188860777, 
          -52.54844950705236, 
          -489.0255377215896
        ], 
        [
          205.98734188860777, 
          432.9283077465052, 
          645.6916023289166, 
          123.82729593707613
        ], 
        [
          -52.54844950705236, 
          645.6916023289166, 
          1465.765706082088, 
          506.37249413307734
        ], 
        [
          -489.0255377215896, 
          123.82729593707613, 
          506.37249413307734, 
          422.94353390869793
        ]
      ], 
      "n_events": 9279.0, 
      "mean": [
        -11.995096757800368, 
        7.61434585310885, 
        -1.5354298696087942, 
        8.407346370642562
      ]
    }, 
    {
      "max_amplitude": 19.95286750793457, 
      "emittance": 2.081696336523784, 
      "cov": [
        [
          967.0529721151315, 
          209.6184727546676, 
          -51.16538958645769, 
          -479.20406174055574
        ], 
        [
          209.6184727546676, 
          419.7156630193153, 
          634.1584926489026, 
          119.04050103748847
        ], 
        [
          -51.16538958645769, 
          634.1584926489026, 
          1446.5079616488058, 
          502.6068935878721
        ], 
        [
          -479.20406174055574, 
          119.04050103748847, 
          502.6068935878721, 
          415.80671316927504
        ]
      ], 
      "n_events": 8926.0, 
      "mean": [
        -11.898839027176162, 
        7.618122642034653, 
        -1.6966940438569584, 
        8.328218757030186
      ]
    }, 
    {
      "max_amplitude": 14.996994018554688, 
      "emittance": 1.8391066135318062, 
      "cov": [
        [
          901.900710540903, 
          204.58671176167502, 
          -50.19782222058362, 
          -447.9824486625767
        ], 
        [
          204.58671176167502, 
          401.0320707192608, 
          619.75054041033, 
          117.96679966210533
        ], 
        [
          -50.19782222058362, 
          619.75054041033, 
          1409.3975012756305, 
          496.1893810417771
        ], 
        [
          -447.9824486625767, 
          117.96679966210533, 
          496.1893810417771, 
          397.06163433334314
        ]
      ], 
      "n_events": 8032.0, 
      "mean": [
        -12.0654879739757, 
        7.659287479627965, 
        -1.821180687131052, 
        8.419065790176582
      ]
    }, 
    {
      "max_amplitude": 9.996838569641113, 
      "emittance": 1.410208262159649, 
      "cov": [
        [
          720.5026302478071, 
          153.92686491278553, 
          -86.42519655886724, 
          -369.1901413029006
        ], 
        [
          153.92686491278553, 
          346.91041158824714, 
          566.1286255991861, 
          126.22692606327881
        ], 
        [
          -86.42519655886724, 
          566.1286255991861, 
          1301.7121600032806, 
          486.3100243229137
        ], 
        [
          -369.1901413029006, 
          126.22692606327881, 
          486.3100243229137, 
          351.712976126519
        ]
      ], 
      "n_events": 5861.0, 
      "mean": [
        -12.790759554056278, 
        7.675200243993682, 
        -2.012716387405644, 
        8.833444996356462
      ]
    }, 
    {
      "max_amplitude": 5.0, 
      "emittance": 0.7666325289163888, 
      "cov": [
        [
          406.3642368459632, 
          81.08386993748233, 
          -60.153893675866144, 
          -212.99954573762395
        ], 
        [
          81.08386993748233, 
          217.85339028660945, 
          386.466196900226, 
          98.31780866417783
        ], 
        [
          -60.153893675866144, 
          386.466196900226, 
          890.9603824620917, 
          337.9876107590479
        ], 
        [
          -212.99954573762395, 
          98.31780866417783, 
          337.9876107590479, 
          223.9238876510341
        ]
      ], 
      "n_events": 2171.0, 
      "mean": [
        -14.523868279039633, 
        6.914066317778944, 
        -2.1399120698688483, 
        9.555028573052034
      ]
    }, 
    {
      "max_amplitude": 0.0, 
      "emittance": 0.7666325289163888, 
      "cov": [
        [
          473.000926535062, 
          44.35981525139982, 
          -254.55382874830178, 
          -308.65280383907987
        ], 
        [
          44.35981525139982, 
          492.7027526317682, 
          1028.7352670660744, 
          350.50983942105785
        ], 
        [
          -254.55382874830178, 
          1028.7352670660744, 
          2434.2830744949106, 
          996.7580879007359
        ], 
        [
          -308.65280383907987, 
          350.50983942105785, 
          996.7580879007359, 
          506.5753538196156
        ]
      ], 
      "n_events": 100.0, 
      "mean": [
        -22.623739383602018, 
        3.8958336098762336, 
        -6.945678964969179, 
        12.005191676219997
      ]
    }
  ], 
  [
    {
      "max_amplitude": 242.4391632080078, 
      "emittance": 2.4657232767455413, 
      "cov": [
        [
          1030.4914213058082, 
          193.13937845956414, 
          -58.17678347614244, 
          -511.80946523688317
        ], 
        [
          193.13937845956414, 
          444.3192193283885, 
          657.2705671655895, 
          131.95113777414957
        ], 
        [
          -58.17678347614244, 
          657.2705671655895, 
          1494.500390264809, 
          511.6885259916287
        ], 
        [
          -511.80946523688317, 
          131.95113777414957, 
          511.6885259916287, 
          439.30533709045164
        ]
      ], 
      "n_events": 9408.0, 
      "mean": [
        -12.003446936587194, 
        7.461893679182839, 
        -1.1701867962257884, 
        8.556835640104621
      ]
    }, 
    {
      "max_amplitude": 98.77738952636719, 
      "emittance": 2.4275237483921344, 
      "cov": [
        [
          1029.8720542540716, 
          193.1494770230502, 
          -58.78167699525447, 
          -511.5979309917712
        ], 
        [
          193.1494770230502, 
          443.50170448252214, 
          656.4259809089455, 
          132.50433763983574
        ], 
        [
          -58.78167699525447, 
          656.4259809089455, 
          1492.9785950264868, 
          512.9750198927558
        ], 
        [
          -511.5979309917712, 
          132.50433763983574, 
          512.9750198927558, 
          438.58454865681074
        ]
      ], 
      "n_events": 9398.0, 
      "mean": [
        -12.022558843842885, 
        7.460885505628172, 
        -1.17326011966759, 
        8.564769169829006
      ]
    }, 
    {
      "max_amplitude": 94.39971160888672, 
      "emittance": 2.4251817024297724, 
      "cov": [
        [
          1029.9381712913269, 
          193.1574339190925, 
          -58.96570479121476, 
          -511.6278824508022
        ], 
        [
          193.1574339190925, 
          443.5452492456903, 
          656.4443222889511, 
          132.52553417621587
        ], 
        [
          -58.96570479121476, 
          656.4443222889511, 
          1492.4105862634424, 
          513.1297458165899
        ], 
        [
          -511.6278824508022, 
          132.52553417621587, 
          513.1297458165899, 
          438.61742574899426
        ]
      ], 
      "n_events": 9397.0, 
      "mean": [
        -12.020408230956214, 
        7.461508818646214, 
        -1.1644660084497473, 
        8.563557780514639
      ]
    }, 
    {
      "max_amplitude": 90.0, 
      "emittance": 2.4251817024297724, 
      "cov": [
        [
          1029.9381712913269, 
          193.1574339190925, 
          -58.96570479121476, 
          -511.6278824508022
        ], 
        [
          193.1574339190925, 
          443.5452492456903, 
          656.4443222889511, 
          132.52553417621587
        ], 
        [
          -58.96570479121476, 
          656.4443222889511, 
          1492.4105862634424, 
          513.1297458165899
        ], 
        [
          -511.6278824508022, 
          132.52553417621587, 
          513.1297458165899, 
          438.61742574899426
        ]
      ], 
      "n_events": 9397.0, 
      "mean": [
        -12.020408230956214, 
        7.461508818646214, 
        -1.1644660084497473, 
        8.563557780514639
      ]
    }, 
    {
      "max_amplitude": 84.39248657226562, 
      "emittance": 2.4231281571705585, 
      "cov": [
        [
          1030.0394656590577, 
          193.20490617403675, 
          -58.950944634878475, 
          -511.6425251593423
        ], 
        [
          193.20490617403675, 
          443.50537719662105, 
          656.446126830733, 
          132.41084352054116
        ], 
        [
          -58.950944634878475, 
          656.446126830733, 
          1492.5162251738182, 
          513.0836913379237
        ], 
        [
          -511.6425251593423, 
          132.41084352054116, 
          513.0836913379237, 
          438.47360856602916
        ]
      ], 
      "n_events": 9396.0, 
      "mean": [
        -12.021349185034909, 
        7.464552831547646, 
        -1.162086877636137, 
        8.568060101303088
      ]
    }, 
    {
      "max_amplitude": 78.43392944335938, 
      "emittance": 2.4231281571705585, 
      "cov": [
        [
          1030.0394656590577, 
          193.20490617403675, 
          -58.950944634878475, 
          -511.6425251593423
        ], 
        [
          193.20490617403675, 
          443.50537719662105, 
          656.446126830733, 
          132.41084352054116
        ], 
        [
          -58.950944634878475, 
          656.446126830733, 
          1492.5162251738182, 
          513.0836913379237
        ], 
        [
          -511.6425251593423, 
          132.41084352054116, 
          513.0836913379237, 
          438.47360856602916
        ]
      ], 
      "n_events": 9396.0, 
      "mean": [
        -12.021349185034909, 
        7.464552831547646, 
        -1.162086877636137, 
        8.568060101303088
      ]
    }, 
    {
      "max_amplitude": 74.32982635498047, 
      "emittance": 2.41228557701859, 
      "cov": [
        [
          1029.6372746141928, 
          193.50731085978433, 
          -58.67016992084329, 
          -511.53871424947164
        ], 
        [
          193.50731085978433, 
          443.4337649731702, 
          656.3721174731776, 
          132.498978190108
        ], 
        [
          -58.67016992084329, 
          656.3721174731776, 
          1492.0933679817913, 
          513.0894952388674
        ], 
        [
          -511.53871424947164, 
          132.498978190108, 
          513.0894952388674, 
          438.2400403337107
        ]
      ], 
      "n_events": 9390.0, 
      "mean": [
        -12.036086141880295, 
        7.4711108176227174, 
        -1.1439260647033278, 
        8.576584369276523
      ]
    }, 
    {
      "max_amplitude": 69.75985717773438, 
      "emittance": 2.4089010295485718, 
      "cov": [
        [
          1029.758862037957, 
          193.6869323070041, 
          -58.58382324294995, 
          -511.6541062779956
        ], 
        [
          193.6869323070041, 
          443.2951106129297, 
          656.3386869666069, 
          132.55487195914293
        ], 
        [
          -58.58382324294995, 
          656.3386869666069, 
          1492.2814337344432, 
          513.2219411985228
        ], 
        [
          -511.6541062779956, 
          132.55487195914293, 
          513.2219411985228, 
          438.3236965262872
        ]
      ], 
      "n_events": 9388.0, 
      "mean": [
        -12.040233464519105, 
        7.478155795193684, 
        -1.1386811251376439, 
        8.575725887100301
      ]
    }, 
    {
      "max_amplitude": 61.90919494628906, 
      "emittance": 2.4058131549705672, 
      "cov": [
        [
          1029.7815023080614, 
          193.7998280134909, 
          -58.38871022207216, 
          -511.75211952239846
        ], 
        [
          193.7998280134909, 
          443.3513824440162, 
          656.329885926426, 
          132.56765294565358
        ], 
        [
          -58.38871022207216, 
          656.329885926426, 
          1491.9394538008607, 
          513.2505802739636
        ], 
        [
          -511.75211952239846, 
          132.56765294565358, 
          513.2505802739636, 
          438.40564821222887
        ]
      ], 
      "n_events": 9386.0, 
      "mean": [
        -12.042057874218976, 
        7.4772783721492715, 
        -1.1460558656390754, 
        8.574370791238046
      ]
    }, 
    {
      "max_amplitude": 59.22016525268555, 
      "emittance": 2.396068403342725, 
      "cov": [
        [
          1029.0547501447252, 
          193.9394759079897, 
          -58.75925376532071, 
          -511.32561033215995
        ], 
        [
          193.9394759079897, 
          443.51971030864667, 
          656.985390766985, 
          132.7732101810177
        ], 
        [
          -58.75925376532071, 
          656.985390766985, 
          1492.4032924030173, 
          513.7652603638539
        ], 
        [
          -511.32561033215995, 
          132.7732101810177, 
          513.7652603638539, 
          438.0427440326997
        ]
      ], 
      "n_events": 9379.0, 
      "mean": [
        -12.056064553759635, 
        7.480622096928188, 
        -1.1572082192648263, 
        8.576765047192014
      ]
    }, 
    {
      "max_amplitude": 54.75360870361328, 
      "emittance": 2.3948504293115684, 
      "cov": [
        [
          1029.155145760527, 
          193.96871072328838, 
          -58.68835059091119, 
          -511.3715652446208
        ], 
        [
          193.96871072328838, 
          443.5591645323244, 
          656.9847263446467, 
          132.77951548667937
        ], 
        [
          -58.68835059091119, 
          656.9847263446467, 
          1491.9243983715855, 
          513.7492055281674
        ], 
        [
          -511.3715652446208, 
          132.77951548667937, 
          513.7492055281674, 
          438.08158774168163
        ]
      ], 
      "n_events": 9378.0, 
      "mean": [
        -12.05706220680549, 
        7.481536342963025, 
        -1.1489607752588094, 
        8.577680837480482
      ]
    }, 
    {
      "max_amplitude": 49.643310546875, 
      "emittance": 2.38692275545985, 
      "cov": [
        [
          1027.4110021896413, 
          194.31039509789508, 
          -59.46949028997749, 
          -510.78074444925113
        ], 
        [
          194.31039509789508, 
          443.17361055808215, 
          657.0334957893115, 
          132.67286611031432
        ], 
        [
          -59.46949028997749, 
          657.0334957893115, 
          1491.4243015046839, 
          514.121292984667
        ], 
        [
          -510.78074444925113, 
          132.67286611031432, 
          514.121292984667, 
          437.90447516873775
        ]
      ], 
      "n_events": 9371.0, 
      "mean": [
        -12.07563162731174, 
        7.486503844942522, 
        -1.1745671928382375, 
        8.582570336972395
      ]
    }, 
    {
      "max_amplitude": 44.42146301269531, 
      "emittance": 2.3738576641628932, 
      "cov": [
        [
          1025.1199548939326, 
          194.9531959724253, 
          -59.583043520574805, 
          -509.67666218732796
        ], 
        [
          194.9531959724253, 
          442.2933137651245, 
          656.8583403856759, 
          132.2746311745495
        ], 
        [
          -59.583043520574805, 
          656.8583403856759, 
          1491.0372528599294, 
          514.4953455398156
        ], 
        [
          -509.67666218732796, 
          132.2746311745495, 
          514.4953455398156, 
          437.38397770804266
        ]
      ], 
      "n_events": 9358.0, 
      "mean": [
        -12.094527223648445, 
        7.518509375778444, 
        -1.1742245394661721, 
        8.59860818754622
      ]
    }, 
    {
      "max_amplitude": 39.77395248413086, 
      "emittance": 2.3518994384680934, 
      "cov": [
        [
          1022.2861771098547, 
          195.45665383099015, 
          -60.48908623959818, 
          -508.36101694579315
        ], 
        [
          195.45665383099015, 
          441.0485324287883, 
          656.319893535087, 
          132.2266994979708
        ], 
        [
          -60.48908623959818, 
          656.319893535087, 
          1490.7805859778082, 
          515.642600166842
        ], 
        [
          -508.36101694579315, 
          132.2266994979708, 
          515.642600166842, 
          436.75231096106995
        ]
      ], 
      "n_events": 9333.0, 
      "mean": [
        -12.148683365504738, 
        7.522855077010559, 
        -1.1998949587396885, 
        8.617512376582393
      ]
    }, 
    {
      "max_amplitude": 34.972816467285156, 
      "emittance": 2.3250163581896293, 
      "cov": [
        [
          1021.2557729457205, 
          196.17396127447168, 
          -61.03839558697858, 
          -507.6067588186187
        ], 
        [
          196.17396127447168, 
          438.2308625341691, 
          653.7379136840837, 
          131.904921341177
        ], 
        [
          -61.03839558697858, 
          653.7379136840837, 
          1487.336466251765, 
          516.2413904643463
        ], 
        [
          -507.6067588186187, 
          131.904921341177, 
          516.2413904643463, 
          436.26955139320705
        ]
      ], 
      "n_events": 9297.0, 
      "mean": [
        -12.18268863902786, 
        7.502139271676597, 
        -1.2536482836123526, 
        8.629015930938571
      ]
    }, 
    {
      "max_amplitude": 29.98982048034668, 
      "emittance": 2.2914808421279056, 
      "cov": [
        [
          1017.1814403036983, 
          197.43097742174325, 
          -62.023817876355984, 
          -505.302493349416
        ], 
        [
          197.43097742174325, 
          437.05022781588434, 
          653.4864767692845, 
          131.23776118284854
        ], 
        [
          -62.023817876355984, 
          653.4864767692845, 
          1485.6487402695072, 
          516.8096551428725
        ], 
        [
          -505.302493349416, 
          131.23776118284854, 
          516.8096551428725, 
          434.46453873582504
        ]
      ], 
      "n_events": 9244.0, 
      "mean": [
        -12.197634799966556, 
        7.484404361883703, 
        -1.3272303794794527, 
        8.616328414353504
      ]
    }, 
    {
      "max_amplitude": 24.99488067626953, 
      "emittance": 2.2204946410913307, 
      "cov": [
        [
          1002.3693926775076, 
          198.4487927791513, 
          -63.723599714232364, 
          -497.48819018871916
        ], 
        [
          198.4487927791513, 
          432.6950021860723, 
          652.200558524018, 
          130.46209935512468
        ], 
        [
          -63.723599714232364, 
          652.200558524018, 
          1483.158589049668, 
          517.4397880872581
        ], 
        [
          -497.48819018871916, 
          130.46209935512468, 
          517.4397880872581, 
          429.266015008491
        ]
      ], 
      "n_events": 9100.0, 
      "mean": [
        -12.209641809239255, 
        7.496806200118747, 
        -1.3508266276719059, 
        8.629847131912666
      ]
    }, 
    {
      "max_amplitude": 19.998565673828125, 
      "emittance": 2.0887896090151505, 
      "cov": [
        [
          974.5536465769721, 
          201.41777788728643, 
          -62.74598075634769, 
          -484.2669392634677
        ], 
        [
          201.41777788728643, 
          420.71082930176897, 
          644.0588530766918, 
          127.22077027295143
        ], 
        [
          -62.74598075634769, 
          644.0588530766918, 
          1468.9696149921, 
          515.457275284518
        ], 
        [
          -484.2669392634677, 
          127.22077027295143, 
          515.457275284518, 
          421.6297820448199
        ]
      ], 
      "n_events": 8745.0, 
      "mean": [
        -12.322504550807533, 
        7.475090662818417, 
        -1.4860776557677022, 
        8.634047443763547
      ]
    }, 
    {
      "max_amplitude": 14.998269081115723, 
      "emittance": 1.8306290014709794, 
      "cov": [
        [
          894.2922344631061, 
          190.2524304599447, 
          -72.9896380545652, 
          -450.5127237243356
        ], 
        [
          190.2524304599447, 
          399.9703097671802, 
          630.7433343447474, 
          129.0524174453255
        ], 
        [
          -72.9896380545652, 
          630.7433343447474, 
          1441.53300019503, 
          517.5835586172682
        ], 
        [
          -450.5127237243356, 
          129.0524174453255, 
          517.5835586172682, 
          404.93202061441787
        ]
      ], 
      "n_events": 7813.0, 
      "mean": [
        -12.107741725652703, 
        7.35517071170065, 
        -1.9438039162275402, 
        8.437569302188486
      ]
    }, 
    {
      "max_amplitude": 9.998781204223633, 
      "emittance": 1.3862405668601625, 
      "cov": [
        [
          738.7345529345139, 
          155.3023223182876, 
          -84.07093673748221, 
          -380.6943333933235
        ], 
        [
          155.3023223182876, 
          349.9071356370516, 
          584.3321183235262, 
          132.12698496239778
        ], 
        [
          -84.07093673748221, 
          584.3321183235262, 
          1345.076657972564, 
          499.8787934459006
        ], 
        [
          -380.6943333933235, 
          132.12698496239778, 
          499.8787934459006, 
          363.3067662029184
        ]
      ], 
      "n_events": 5677.0, 
      "mean": [
        -12.802402115493326, 
        7.224660207718877, 
        -2.430977049984281, 
        8.690548664609146
      ]
    }, 
    {
      "max_amplitude": 5.0, 
      "emittance": 0.7570330080759122, 
      "cov": [
        [
          406.1089877322994, 
          67.22644361063095, 
          -91.50629906556333, 
          -226.156351574814
        ], 
        [
          67.22644361063095, 
          224.43719405372377, 
          399.8436005478944, 
          110.34661384612366
        ], 
        [
          -91.50629906556333, 
          399.8436005478944, 
          924.6582151870354, 
          367.5796058629234
        ], 
        [
          -226.156351574814, 
          110.34661384612366, 
          367.5796058629234, 
          241.98237422119385
        ]
      ], 
      "n_events": 2180.0, 
      "mean": [
        -15.208652164578748, 
        6.250173955165072, 
        -3.7514011785952226, 
        9.507720940062272
      ]
    }, 
    {
      "max_amplitude": 0.0, 
      "emittance": 0.7570330080759122, 
      "cov": [
        [
          587.0307072913168, 
          16.969944587960825, 
          -401.8167103377806, 
          -416.78255681072795
        ], 
        [
          16.969944587960825, 
          496.36922062094817, 
          1025.0053900559205, 
          364.85728670014464
        ], 
        [
          -401.8167103377806, 
          1025.0053900559205, 
          2473.682335380666, 
          1084.785538848225
        ], 
        [
          -416.78255681072795, 
          364.85728670014464, 
          1084.785538848225, 
          589.7090388802724
        ]
      ], 
      "n_events": 100.0, 
      "mean": [
        -23.782508176782873, 
        4.245257228874093, 
        -5.461700998813779, 
        13.198878781345398
      ]
    }
  ]
]
