[
  [
    {
      "max_amplitude": 100.0, 
      "emittance": 3.0085950617101824, 
      "cov": [
        [
          3920.6846830186923, 
          -476.7095453978712, 
          605.585489024997, 
          -1407.791820220921
        ], 
        [
          -476.7095453978712, 
          414.3042178825498, 
          975.3625483533194, 
          2.155731763604983
        ], 
        [
          605.585489024997, 
          975.3625483533194, 
          3416.3309806585207, 
          -721.3091616773492
        ], 
        [
          -1407.791820220921, 
          2.155731763604983, 
          -721.3091616773492, 
          616.9585655488853
        ]
      ], 
      "n_events": 8674.0, 
      "mean": [
        8.232732227977886, 
        -5.0256401327480695, 
        -22.320963367774098, 
        -6.938243859404442
      ]
    }, 
    {
      "max_amplitude": 98.81961059570312, 
      "emittance": 2.9590586803906223, 
      "cov": [
        [
          3921.1928323890065, 
          -476.93805458218407, 
          607.1587879738167, 
          -1409.041257877996
        ], 
        [
          -476.93805458218407, 
          414.25877273665316, 
          976.0962842197084, 
          1.8133181581249502
        ], 
        [
          607.1587879738167, 
          976.0962842197084, 
          3414.7568991723647, 
          -722.0574412623026
        ], 
        [
          -1409.041257877996, 
          1.8133181581249502, 
          -722.0574412623026, 
          617.3363766096745
        ]
      ], 
      "n_events": 8664.0, 
      "mean": [
        8.2309003926613, 
        -5.028629505344666, 
        -22.32781831490385, 
        -6.9418104522852895
      ]
    }, 
    {
      "max_amplitude": 92.35677337646484, 
      "emittance": 2.9590586803906223, 
      "cov": [
        [
          3921.1928323890065, 
          -476.93805458218407, 
          607.1587879738167, 
          -1409.041257877996
        ], 
        [
          -476.93805458218407, 
          414.25877273665316, 
          976.0962842197084, 
          1.8133181581249502
        ], 
        [
          607.1587879738167, 
          976.0962842197084, 
          3414.7568991723647, 
          -722.0574412623026
        ], 
        [
          -1409.041257877996, 
          1.8133181581249502, 
          -722.0574412623026, 
          617.3363766096745
        ]
      ], 
      "n_events": 8664.0, 
      "mean": [
        8.2309003926613, 
        -5.028629505344666, 
        -22.32781831490385, 
        -6.9418104522852895
      ]
    }, 
    {
      "max_amplitude": 85.65631103515625, 
      "emittance": 2.9544177162075136, 
      "cov": [
        [
          3921.212026682372, 
          -476.92709484068655, 
          606.8711962644861, 
          -1409.238971438952
        ], 
        [
          -476.92709484068655, 
          414.24127473379514, 
          976.1876749155707, 
          1.7272531057362457
        ], 
        [
          606.8711962644861, 
          976.1876749155707, 
          3414.955515863581, 
          -722.3000914265856
        ], 
        [
          -1409.238971438952, 
          1.7272531057362457, 
          -722.3000914265856, 
          617.4111858740844
        ]
      ], 
      "n_events": 8662.0, 
      "mean": [
        8.243758565944164, 
        -5.032454042184308, 
        -22.32573056291371, 
        -6.945140147989084
      ]
    }, 
    {
      "max_amplitude": 80.75004577636719, 
      "emittance": 2.9500748668599424, 
      "cov": [
        [
          3920.3198555780264, 
          -476.9244716739393, 
          607.1164509047705, 
          -1409.2121256174385
        ], 
        [
          -476.9244716739393, 
          414.2653783393707, 
          976.3397001066346, 
          1.7942974828803955
        ], 
        [
          607.1164509047705, 
          976.3397001066346, 
          3415.668783272343, 
          -722.395542491815
        ], 
        [
          -1409.2121256174385, 
          1.7942974828803955, 
          -722.395542491815, 
          617.3626108250252
        ]
      ], 
      "n_events": 8660.0, 
      "mean": [
        8.255091778557448, 
        -5.029958610488524, 
        -22.32307102591759, 
        -6.951773643225465
      ]
    }, 
    {
      "max_amplitude": 78.25487518310547, 
      "emittance": 2.948038197615498, 
      "cov": [
        [
          3920.75049989184, 
          -476.9368104764898, 
          607.3367797538572, 
          -1409.3439259195127
        ], 
        [
          -476.9368104764898, 
          414.230566708817, 
          976.161956000783, 
          1.7346608413046596
        ], 
        [
          607.3367797538572, 
          976.161956000783, 
          3415.042249958229, 
          -722.6892994961133
        ], 
        [
          -1409.3439259195127, 
          1.7346608413046596, 
          -722.6892994961133, 
          617.3905791282066
        ]
      ], 
      "n_events": 8659.0, 
      "mean": [
        8.256689278600977, 
        -5.033047881068273, 
        -22.33392875246769, 
        -6.95401040460452
      ]
    }, 
    {
      "max_amplitude": 70.45220947265625, 
      "emittance": 2.942270659307876, 
      "cov": [
        [
          3920.148191795821, 
          -476.257022867797, 
          609.2191702398765, 
          -1409.260674582572
        ], 
        [
          -476.257022867797, 
          413.9387883018711, 
          975.8240189068471, 
          1.461139059465097
        ], 
        [
          609.2191702398765, 
          975.8240189068471, 
          3414.5758516528276, 
          -723.328304576017
        ], 
        [
          -1409.260674582572, 
          1.461139059465097, 
          -723.328304576017, 
          617.3932973654066
        ]
      ], 
      "n_events": 8656.0, 
      "mean": [
        8.235343138982389, 
        -5.021545562315261, 
        -22.31437070151433, 
        -6.948043888137999
      ]
    }, 
    {
      "max_amplitude": 69.18194580078125, 
      "emittance": 2.9369934542105827, 
      "cov": [
        [
          3915.0030435049366, 
          -475.6098230354271, 
          611.3369852284227, 
          -1407.7773867511828
        ], 
        [
          -475.6098230354271, 
          413.9243396827941, 
          975.727544631695, 
          1.2318449856596132
        ], 
        [
          611.3369852284227, 
          975.727544631695, 
          3414.475817596703, 
          -724.1194581059789
        ], 
        [
          -1407.7773867511828, 
          1.2318449856596132, 
          -724.1194581059789, 
          616.9951818533816
        ]
      ], 
      "n_events": 8653.0, 
      "mean": [
        8.282405679499316, 
        -5.027821870554709, 
        -22.329914167460643, 
        -6.962370805106557
      ]
    }, 
    {
      "max_amplitude": 64.64279174804688, 
      "emittance": 2.9305680671960035, 
      "cov": [
        [
          3914.293419360094, 
          -475.89844821672745, 
          610.3427517261864, 
          -1407.4574927363735
        ], 
        [
          -475.89844821672745, 
          414.00715469319545, 
          975.716667034805, 
          1.3115620897784908
        ], 
        [
          610.3427517261864, 
          975.716667034805, 
          3412.9324191262135, 
          -723.5902277315108
        ], 
        [
          -1407.4574927363735, 
          1.3115620897784908, 
          -723.5902277315108, 
          616.718015774883
        ]
      ], 
      "n_events": 8649.0, 
      "mean": [
        8.263398965790651, 
        -5.023887253536366, 
        -22.326447104813234, 
        -6.959903186074626
      ]
    }, 
    {
      "max_amplitude": 58.8271484375, 
      "emittance": 2.921641659032654, 
      "cov": [
        [
          3912.835712805837, 
          -475.90946966746554, 
          610.7970732820152, 
          -1406.950146594253
        ], 
        [
          -475.90946966746554, 
          413.72596732912376, 
          974.8474300103161, 
          1.2555997712442064
        ], 
        [
          610.7970732820152, 
          974.8474300103161, 
          3409.6828973005045, 
          -723.7980002254576
        ], 
        [
          -1406.950146594253, 
          1.2555997712442064, 
          -723.7980002254576, 
          616.5340768693416
        ]
      ], 
      "n_events": 8643.0, 
      "mean": [
        8.28043676736293, 
        -5.028233888723773, 
        -22.33858923409029, 
        -6.97077490953349
      ]
    }, 
    {
      "max_amplitude": 54.38087463378906, 
      "emittance": 2.913824650267168, 
      "cov": [
        [
          3912.9567255729858, 
          -475.75453847098686, 
          612.0400163459113, 
          -1406.9436092192586
        ], 
        [
          -475.75453847098686, 
          413.3295368617993, 
          974.1682253568456, 
          1.2222900650175461
        ], 
        [
          612.0400163459113, 
          974.1682253568456, 
          3408.2365827466056, 
          -724.1395397016736
        ], 
        [
          -1406.9436092192586, 
          1.2222900650175461, 
          -724.1395397016736, 
          616.4965837375254
        ]
      ], 
      "n_events": 8637.0, 
      "mean": [
        8.26444714392213, 
        -5.0115971783125115, 
        -22.30303016748476, 
        -6.967449065549325
      ]
    }, 
    {
      "max_amplitude": 48.683250427246094, 
      "emittance": 2.904272040409628, 
      "cov": [
        [
          3912.3783148258804, 
          -475.62776694826545, 
          613.4284711527831, 
          -1406.5336556803159
        ], 
        [
          -475.62776694826545, 
          412.6667421152221, 
          972.59507479873, 
          1.0834432637773617
        ], 
        [
          613.4284711527831, 
          972.59507479873, 
          3405.267615834365, 
          -724.9505862541662
        ], 
        [
          -1406.5336556803159, 
          1.0834432637773617, 
          -724.9505862541662, 
          616.2463166860368
        ]
      ], 
      "n_events": 8629.0, 
      "mean": [
        8.272906634065519, 
        -5.031363666963096, 
        -22.350438970744953, 
        -6.965360041210725
      ]
    }, 
    {
      "max_amplitude": 44.95637130737305, 
      "emittance": 2.875315748835897, 
      "cov": [
        [
          3911.064024680805, 
          -475.12120616297216, 
          614.9793838984975, 
          -1405.6900786886542
        ], 
        [
          -475.12120616297216, 
          411.9490745591021, 
          971.1343627837347, 
          0.4977412566020689
        ], 
        [
          614.9793838984975, 
          971.1343627837347, 
          3400.8950367387033, 
          -726.646762987587
        ], 
        [
          -1405.6900786886542, 
          0.4977412566020689, 
          -726.646762987587, 
          615.51696663749
        ]
      ], 
      "n_events": 8601.0, 
      "mean": [
        8.250067876010993, 
        -5.04660989261634, 
        -22.46633791389616, 
        -6.951165573551485
      ]
    }, 
    {
      "max_amplitude": 39.94868850708008, 
      "emittance": 2.837918323500147, 
      "cov": [
        [
          3902.9282471553324, 
          -473.76744946390386, 
          615.9113620480855, 
          -1403.0092191950823
        ], 
        [
          -473.76744946390386, 
          411.51693380475416, 
          970.9305701872629, 
          -0.34809320443954306
        ], 
        [
          615.9113620480855, 
          970.9305701872629, 
          3397.669465563662, 
          -727.9912394276868
        ], 
        [
          -1403.0092191950823, 
          -0.34809320443954306, 
          -727.9912394276868, 
          614.2930879452205
        ]
      ], 
      "n_events": 8559.0, 
      "mean": [
        8.069660000272282, 
        -5.008247604032809, 
        -22.474431173031746, 
        -6.891391119708312
      ]
    }, 
    {
      "max_amplitude": 34.94572448730469, 
      "emittance": 2.78113294440297, 
      "cov": [
        [
          3886.464061470156, 
          -469.4505397955829, 
          622.2132117863175, 
          -1397.6260240559934
        ], 
        [
          -469.4505397955829, 
          407.9018082661619, 
          963.5960665709695, 
          -1.2960443009751899
        ], 
        [
          622.2132117863175, 
          963.5960665709695, 
          3376.68228316486, 
          -729.0263498584931
        ], 
        [
          -1397.6260240559934, 
          -1.2960443009751899, 
          -729.0263498584931, 
          611.7184656485465
        ]
      ], 
      "n_events": 8485.0, 
      "mean": [
        7.99985929258615, 
        -5.05418662607982, 
        -22.69847491335023, 
        -6.8458864946631435
      ]
    }, 
    {
      "max_amplitude": 29.99854850769043, 
      "emittance": 2.6852551178404536, 
      "cov": [
        [
          3850.379489849823, 
          -462.4870400630022, 
          629.8665567687185, 
          -1385.2142263181504
        ], 
        [
          -462.4870400630022, 
          402.31165987779707, 
          951.8946230481254, 
          -3.1226830170271676
        ], 
        [
          629.8665567687185, 
          951.8946230481254, 
          3339.355188057063, 
          -730.4995024282683
        ], 
        [
          -1385.2142263181504, 
          -3.1226830170271676, 
          -730.4995024282683, 
          606.5768823871149
        ]
      ], 
      "n_events": 8334.0, 
      "mean": [
        7.9876528048954025, 
        -5.148870141249904, 
        -23.15653537440456, 
        -6.818625135812471
      ]
    }, 
    {
      "max_amplitude": 24.983806610107422, 
      "emittance": 2.540998103907997, 
      "cov": [
        [
          3766.1576864476797, 
          -445.47675957810515, 
          640.2513373207264, 
          -1360.259759852041
        ], 
        [
          -445.47675957810515, 
          393.05518259614564, 
          937.5138433114295, 
          -7.248880820531131
        ], 
        [
          640.2513373207264, 
          937.5138433114295, 
          3302.657423241888, 
          -732.3241498511221
        ], 
        [
          -1360.259759852041, 
          -7.248880820531131, 
          -732.3241498511221, 
          597.2120835133903
        ]
      ], 
      "n_events": 8051.0, 
      "mean": [
        7.785960474774498, 
        -5.180110174323986, 
        -23.61792305195298, 
        -6.672241180701868
      ]
    }, 
    {
      "max_amplitude": 19.991050720214844, 
      "emittance": 2.324372067318435, 
      "cov": [
        [
          3634.6629769800966, 
          -414.57428913656656, 
          672.3631610891997, 
          -1320.7550815503462
        ], 
        [
          -414.57428913656656, 
          370.2429473801603, 
          889.9351977974785, 
          -11.112137276237512
        ], 
        [
          672.3631610891997, 
          889.9351977974785, 
          3170.8284284848723, 
          -728.5497879092612
        ], 
        [
          -1320.7550815503462, 
          -11.112137276237512, 
          -728.5497879092612, 
          581.1709029620956
        ]
      ], 
      "n_events": 7505.0, 
      "mean": [
        7.61296485279722, 
        -5.40610121370926, 
        -24.678258346844697, 
        -6.471829643910958
      ]
    }, 
    {
      "max_amplitude": 14.996841430664062, 
      "emittance": 1.9542671374632214, 
      "cov": [
        [
          3336.6549832492046, 
          -350.11686722840784, 
          728.3080983357892, 
          -1228.1831509508936
        ], 
        [
          -350.11686722840784, 
          326.01526111402137, 
          788.0055909835751, 
          -18.767984090727705
        ], 
        [
          728.3080983357892, 
          788.0055909835751, 
          2861.0791500315217, 
          -708.9717110755113
        ], 
        [
          -1228.1831509508936, 
          -18.767984090727705, 
          -708.9717110755113, 
          543.260421910484
        ]
      ], 
      "n_events": 6316.0, 
      "mean": [
        7.659802913733075, 
        -5.994612674448933, 
        -26.7052583517114, 
        -6.253196013783059
      ]
    }, 
    {
      "max_amplitude": 9.999740600585938, 
      "emittance": 1.4341251103944412, 
      "cov": [
        [
          2766.668973593843, 
          -260.24321230912176, 
          729.157353042737, 
          -1035.6652881007758
        ], 
        [
          -260.24321230912176, 
          251.0026528977052, 
          613.1287674011957, 
          -19.458806287044453
        ], 
        [
          729.157353042737, 
          613.1287674011957, 
          2321.440517086459, 
          -623.0382375012181
        ], 
        [
          -1035.6652881007758, 
          -19.458806287044453, 
          -623.0382375012181, 
          458.85802498113554
        ]
      ], 
      "n_events": 4258.0, 
      "mean": [
        7.037665214367917, 
        -6.554224264683544, 
        -28.96649655912492, 
        -5.651859646208711
      ]
    }, 
    {
      "max_amplitude": 5.0, 
      "emittance": 0.7798376902106446, 
      "cov": [
        [
          1645.1769452178157, 
          -114.87859383905733, 
          550.2656430265423, 
          -633.533160478471
        ], 
        [
          -114.87859383905733, 
          137.00221583794357, 
          346.9622833704077, 
          -22.834074448093215
        ], 
        [
          550.2656430265423, 
          346.9622833704077, 
          1374.8563313919467, 
          -412.0780431853623
        ], 
        [
          -633.533160478471, 
          -22.834074448093215, 
          -412.0780431853623, 
          284.3716164467699
        ]
      ], 
      "n_events": 1604.0, 
      "mean": [
        3.8215504988031053, 
        -6.138764734340461, 
        -29.64927982991988, 
        -4.429388327583294
      ]
    }, 
    {
      "max_amplitude": 0.0, 
      "emittance": 0.7798376902106446, 
      "cov": [
        [
          3053.3491902670717, 
          -11.720733782763233, 
          1719.1866289408656, 
          -1274.6934255117947
        ], 
        [
          -11.720733782763233, 
          171.10375985133604, 
          509.1633638846266, 
          -93.95388756005624
        ], 
        [
          1719.1866289408656, 
          509.1633638846266, 
          2540.224697538704, 
          -1017.9248862366667
        ], 
        [
          -1274.6934255117947, 
          -93.95388756005624, 
          -1017.9248862366667, 
          592.8952328703452
        ]
      ], 
      "n_events": 100.0, 
      "mean": [
        -23.470751811550038, 
        -9.415392272711136, 
        -57.55207963185167, 
        8.737784354852538
      ]
    }
  ], 
  [
    {
      "max_amplitude": 342.4702453613281, 
      "emittance": 3.0568929859636116, 
      "cov": [
        [
          3972.716654883789, 
          -522.4888629755064, 
          498.4626126405122, 
          -1415.4057426593747
        ], 
        [
          -522.4888629755064, 
          438.02795445869486, 
          1017.270939106152, 
          11.82224963237826
        ], 
        [
          498.4626126405122, 
          1017.270939106152, 
          3480.4663055661463, 
          -693.569389887364
        ], 
        [
          -1415.4057426593747, 
          11.82224963237826, 
          -693.569389887364, 
          617.1903734235595
        ]
      ], 
      "n_events": 8505.0, 
      "mean": [
        9.760751645225783, 
        -4.992743237715831, 
        -21.440687973635516, 
        -7.497530597590716
      ]
    }, 
    {
      "max_amplitude": 97.53943634033203, 
      "emittance": 2.9953408101623693, 
      "cov": [
        [
          3971.8050478479113, 
          -523.1714035120566, 
          500.23031477766716, 
          -1416.1103271542445
        ], 
        [
          -523.1714035120566, 
          437.36459862654385, 
          1017.1646692249229, 
          11.713270538952102
        ], 
        [
          500.23031477766716, 
          1017.1646692249229, 
          3478.7123931439282, 
          -695.3050703842023
        ], 
        [
          -1416.1103271542445, 
          11.713270538952102, 
          -695.3050703842023, 
          617.4249563207751
        ]
      ], 
      "n_events": 8492.0, 
      "mean": [
        9.74908580005405, 
        -4.983969306896181, 
        -21.41629210113159, 
        -7.507863276627367
      ]
    }, 
    {
      "max_amplitude": 92.07426452636719, 
      "emittance": 2.992790567737189, 
      "cov": [
        [
          3971.7919074780984, 
          -523.1909418077437, 
          499.614999686557, 
          -1416.2089614015947
        ], 
        [
          -523.1909418077437, 
          437.41242613959383, 
          1017.3434514800801, 
          11.708687519980359
        ], 
        [
          499.614999686557, 
          1017.3434514800801, 
          3478.1768070053145, 
          -695.2914238663271
        ], 
        [
          -1416.2089614015947, 
          11.708687519980359, 
          -695.2914238663271, 
          617.4880152146458
        ]
      ], 
      "n_events": 8491.0, 
      "mean": [
        9.756610810746096, 
        -4.984627749624998, 
        -21.405742499990964, 
        -7.50892962788533
      ]
    }, 
    {
      "max_amplitude": 89.98868560791016, 
      "emittance": 2.9880885443629968, 
      "cov": [
        [
          3972.012813216253, 
          -523.5423537734994, 
          499.6342003562663, 
          -1416.2150572481496
        ], 
        [
          -523.5423537734994, 
          437.17970168643717, 
          1016.7692248607855, 
          11.886354096021542
        ], 
        [
          499.6342003562663, 
          1016.7692248607855, 
          3476.654363708815, 
          -695.2007195072882
        ], 
        [
          -1416.2150572481496, 
          11.886354096021542, 
          -695.2007195072882, 
          617.4645681395343
        ]
      ], 
      "n_events": 8489.0, 
      "mean": [
        9.769471095079693, 
        -4.979477060459636, 
        -21.400857142185867, 
        -7.515102639747214
      ]
    }, 
    {
      "max_amplitude": 82.62544250488281, 
      "emittance": 2.9858838427242804, 
      "cov": [
        [
          3972.3828700570493, 
          -523.5973461422255, 
          499.41969156269613, 
          -1416.2933689211188
        ], 
        [
          -523.5973461422255, 
          437.2307501672017, 
          1016.9076862045602, 
          11.88170617693251
        ], 
        [
          499.41969156269613, 
          1016.9076862045602, 
          3476.300567746029, 
          -695.0353924688711
        ], 
        [
          -1416.2933689211188, 
          11.88170617693251, 
          -695.0353924688711, 
          617.4572430234714
        ]
      ], 
      "n_events": 8488.0, 
      "mean": [
        9.766075499514235, 
        -4.97924517293572, 
        -21.410339838895354, 
        -7.512031736622684
      ]
    }, 
    {
      "max_amplitude": 79.44213104248047, 
      "emittance": 2.983804385137475, 
      "cov": [
        [
          3972.3194398559394, 
          -523.9485149887481, 
          498.79737417352925, 
          -1416.2213957587269
        ], 
        [
          -523.9485149887481, 
          437.12460318476235, 
          1016.6565037965572, 
          12.013196612293001
        ], 
        [
          498.79737417352925, 
          1016.6565037965572, 
          3475.8371623940357, 
          -694.8111714217231
        ], 
        [
          -1416.2213957587269, 
          12.013196612293001, 
          -694.8111714217231, 
          617.4226557365503
        ]
      ], 
      "n_events": 8487.0, 
      "mean": [
        9.773988190932338, 
        -4.9749356270304945, 
        -21.400199169759876, 
        -7.515587762123717
      ]
    }, 
    {
      "max_amplitude": 74.76171875, 
      "emittance": 2.9799479112218132, 
      "cov": [
        [
          3972.9335577719135, 
          -524.2062915097202, 
          498.1463047167872, 
          -1416.5044301449714
        ], 
        [
          -524.2062915097202, 
          436.76246170881, 
          1015.5437414444131, 
          12.101544469727386
        ], 
        [
          498.1463047167872, 
          1015.5437414444131, 
          3472.219827186204, 
          -694.6915005930828
        ], 
        [
          -1416.5044301449714, 
          12.101544469727386, 
          -694.6915005930828, 
          617.5500628975192
        ]
      ], 
      "n_events": 8485.0, 
      "mean": [
        9.767365969466304, 
        -4.984076919194853, 
        -21.432092325397967, 
        -7.513540685167432
      ]
    }, 
    {
      "max_amplitude": 69.68548583984375, 
      "emittance": 2.9799479112218132, 
      "cov": [
        [
          3972.9335577719135, 
          -524.2062915097202, 
          498.1463047167872, 
          -1416.5044301449714
        ], 
        [
          -524.2062915097202, 
          436.76246170881, 
          1015.5437414444131, 
          12.101544469727386
        ], 
        [
          498.1463047167872, 
          1015.5437414444131, 
          3472.219827186204, 
          -694.6915005930828
        ], 
        [
          -1416.5044301449714, 
          12.101544469727386, 
          -694.6915005930828, 
          617.5500628975192
        ]
      ], 
      "n_events": 8485.0, 
      "mean": [
        9.767365969466304, 
        -4.984076919194853, 
        -21.432092325397967, 
        -7.513540685167432
      ]
    }, 
    {
      "max_amplitude": 64.07746887207031, 
      "emittance": 2.9667728516783156, 
      "cov": [
        [
          3970.532805717103, 
          -522.6640943728861, 
          501.2121106015155, 
          -1415.7506243474622
        ], 
        [
          -522.6640943728861, 
          436.26220973193386, 
          1015.3032782440241, 
          11.353747483771095
        ], 
        [
          501.2121106015155, 
          1015.3032782440241, 
          3472.339993802971, 
          -696.4955786535276
        ], 
        [
          -1415.7506243474622, 
          11.353747483771095, 
          -696.4955786535276, 
          617.3027253482508
        ]
      ], 
      "n_events": 8477.0, 
      "mean": [
        9.76946017432747, 
        -4.9744749209050445, 
        -21.44062928621865, 
        -7.511442563930515
      ]
    }, 
    {
      "max_amplitude": 58.898345947265625, 
      "emittance": 2.954817627518373, 
      "cov": [
        [
          3968.910166437118, 
          -522.3913573093755, 
          502.4979207808733, 
          -1415.306520432129
        ], 
        [
          -522.3913573093755, 
          436.31158981036015, 
          1014.9428337471437, 
          11.21050602724494
        ], 
        [
          502.4979207808733, 
          1014.9428337471437, 
          3468.937068804565, 
          -696.9381030220914
        ], 
        [
          -1415.306520432129, 
          11.21050602724494, 
          -696.9381030220914, 
          616.9963658352148
        ]
      ], 
      "n_events": 8469.0, 
      "mean": [
        9.810187798611176, 
        -4.984263337729567, 
        -21.47275629474244, 
        -7.528735671246478
      ]
    }, 
    {
      "max_amplitude": 54.26494598388672, 
      "emittance": 2.945578531204105, 
      "cov": [
        [
          3969.661558062723, 
          -522.4180164545016, 
          503.25720508301595, 
          -1415.6908305440363
        ], 
        [
          -522.4180164545016, 
          436.2294139281095, 
          1014.6554581482761, 
          11.083875302491137
        ], 
        [
          503.25720508301595, 
          1014.6554581482761, 
          3466.8671899807364, 
          -697.7350058552673
        ], 
        [
          -1415.6908305440363, 
          11.083875302491137, 
          -697.7350058552673, 
          617.2025792524742
        ]
      ], 
      "n_events": 8462.0, 
      "mean": [
        9.80791519310227, 
        -4.984757324719507, 
        -21.482232817143124, 
        -7.532067310051755
      ]
    }, 
    {
      "max_amplitude": 49.10270309448242, 
      "emittance": 2.9238052846394664, 
      "cov": [
        [
          3963.445472552499, 
          -519.1860816485988, 
          510.8553418736127, 
          -1413.6666969223688
        ], 
        [
          -519.1860816485988, 
          434.9682121246428, 
          1012.8730852982841, 
          9.782764816852968
        ], 
        [
          510.8553418736127, 
          1012.8730852982841, 
          3465.002504253692, 
          -701.1757772480818
        ], 
        [
          -1413.6666969223688, 
          9.782764816852968, 
          -701.1757772480818, 
          616.325538065916
        ]
      ], 
      "n_events": 8444.0, 
      "mean": [
        9.816524470321538, 
        -4.962832609690647, 
        -21.470355234585483, 
        -7.542638460602218
      ]
    }, 
    {
      "max_amplitude": 44.79920196533203, 
      "emittance": 2.8994106592980655, 
      "cov": [
        [
          3954.0754052624447, 
          -519.1136132245971, 
          507.6877071634398, 
          -1409.64106539324
        ], 
        [
          -519.1136132245971, 
          435.38653414546496, 
          1014.0544404871447, 
          9.418459216102313
        ], 
        [
          507.6877071634398, 
          1014.0544404871447, 
          3464.365627001836, 
          -700.5281898860364
        ], 
        [
          -1409.64106539324, 
          9.418459216102313, 
          -700.5281898860364, 
          614.3005253397845
        ]
      ], 
      "n_events": 8421.0, 
      "mean": [
        9.871644624327166, 
        -4.980709608056364, 
        -21.536063666354913, 
        -7.56460954726015
      ]
    }, 
    {
      "max_amplitude": 39.74681091308594, 
      "emittance": 2.866507078293925, 
      "cov": [
        [
          3949.6175420320624, 
          -516.1970054346868, 
          515.7952785009279, 
          -1408.2711156815774
        ], 
        [
          -516.1970054346868, 
          433.51015569751974, 
          1010.1795925413722, 
          8.261154530275427
        ], 
        [
          515.7952785009279, 
          1010.1795925413722, 
          3454.5260704278035, 
          -703.6829305659896
        ], 
        [
          -1408.2711156815774, 
          8.261154530275427, 
          -703.6829305659896, 
          613.666749879989
        ]
      ], 
      "n_events": 8385.0, 
      "mean": [
        9.899199693518083, 
        -5.01976427337086, 
        -21.694179061253763, 
        -7.561754269421539
      ]
    }, 
    {
      "max_amplitude": 34.97108459472656, 
      "emittance": 2.805943081648251, 
      "cov": [
        [
          3932.939024009983, 
          -511.017036385437, 
          525.8382227384736, 
          -1404.2984802347066
        ], 
        [
          -511.017036385437, 
          430.9855905445713, 
          1005.9853075643066, 
          6.792517241681722
        ], 
        [
          525.8382227384736, 
          1005.9853075643066, 
          3443.730700623821, 
          -707.2696987449776
        ], 
        [
          -1404.2984802347066, 
          6.792517241681722, 
          -707.2696987449776, 
          612.0065778470087
        ]
      ], 
      "n_events": 8307.0, 
      "mean": [
        9.876212096088056, 
        -5.024316859239688, 
        -21.799901897816348, 
        -7.543832199426893
      ]
    }, 
    {
      "max_amplitude": 29.976972579956055, 
      "emittance": 2.7213940166726376, 
      "cov": [
        [
          3885.89726885592, 
          -500.8149607637895, 
          537.8735023560439, 
          -1386.525578216593
        ], 
        [
          -500.8149607637895, 
          426.16214997309675, 
          998.2329219724755, 
          3.8967698074916157
        ], 
        [
          537.8735023560439, 
          998.2329219724755, 
          3425.5944820904924, 
          -709.794220573547
        ], 
        [
          -1386.525578216593, 
          3.8967698074916157, 
          -709.794220573547, 
          603.6152126159456
        ]
      ], 
      "n_events": 8175.0, 
      "mean": [
        9.798360624744038, 
        -5.036481600107838, 
        -22.060997603885763, 
        -7.486453255480023
      ]
    }, 
    {
      "max_amplitude": 24.994876861572266, 
      "emittance": 2.577296237608431, 
      "cov": [
        [
          3804.0630633831925, 
          -481.81151351281505, 
          570.7208844745525, 
          -1362.3884226676732
        ], 
        [
          -481.81151351281505, 
          415.3136883913214, 
          975.3794074608877, 
          -0.3253874312467886
        ], 
        [
          570.7208844745525, 
          975.3794074608877, 
          3366.091624824965, 
          -716.5708926246159
        ], 
        [
          -1362.3884226676732, 
          -0.3253874312467886, 
          -716.5708926246159, 
          594.6577835599658
        ]
      ], 
      "n_events": 7896.0, 
      "mean": [
        10.290584277160598, 
        -5.208924834823289, 
        -22.56601520730635, 
        -7.607791407218476
      ]
    }, 
    {
      "max_amplitude": 19.999691009521484, 
      "emittance": 2.3416234575023878, 
      "cov": [
        [
          3693.6222132557446, 
          -457.54529923801226, 
          598.0693934495616, 
          -1326.3945114297094
        ], 
        [
          -457.54529923801226, 
          396.70054198388976, 
          933.7476451726193, 
          -3.3793915113506756
        ], 
        [
          598.0693934495616, 
          933.7476451726193, 
          3238.746348760516, 
          -712.3138132546959
        ], 
        [
          -1326.3945114297094, 
          -3.3793915113506756, 
          -712.3138132546959, 
          578.3007706739712
        ]
      ], 
      "n_events": 7314.0, 
      "mean": [
        10.530964803436698, 
        -5.429477094973879, 
        -23.263654066556605, 
        -7.630505909647993
      ]
    }, 
    {
      "max_amplitude": 14.989889144897461, 
      "emittance": 1.9757220203804133, 
      "cov": [
        [
          3451.9783895248643, 
          -398.0091656359, 
          654.1138985274565, 
          -1256.7511176211501
        ], 
        [
          -398.0091656359, 
          354.9627688005435, 
          843.822201634536, 
          -9.836149179095386
        ], 
        [
          654.1138985274565, 
          843.822201634536, 
          2978.0054832756405, 
          -698.5009016769196
        ], 
        [
          -1256.7511176211501, 
          -9.836149179095386, 
          -698.5009016769196, 
          549.8363743269545
        ]
      ], 
      "n_events": 6162.0, 
      "mean": [
        9.594113884766676, 
        -5.7606587302007215, 
        -25.183744644375214, 
        -7.020063242200371
      ]
    }, 
    {
      "max_amplitude": 9.991291046142578, 
      "emittance": 1.4492336576832452, 
      "cov": [
        [
          2773.4164293774547, 
          -269.9293588577284, 
          677.0084163452057, 
          -1037.1691520226616
        ], 
        [
          -269.9293588577284, 
          275.40582182882855, 
          677.0744951827148, 
          -25.35122764340122
        ], 
        [
          677.0084163452057, 
          677.0744951827148, 
          2461.520314926137, 
          -628.8456930743861
        ], 
        [
          -1037.1691520226616, 
          -25.35122764340122, 
          -628.8456930743861, 
          461.7769884615679
        ]
      ], 
      "n_events": 4112.0, 
      "mean": [
        7.240282473265271, 
        -5.653796521287745, 
        -26.815964042826753, 
        -6.004692135259785
      ]
    }, 
    {
      "max_amplitude": 5.0, 
      "emittance": 0.7644785190195309, 
      "cov": [
        [
          1668.6977259407627, 
          -140.00756014316457, 
          476.47666042285437, 
          -633.1795734833502
        ], 
        [
          -140.00756014316457, 
          167.97511479240185, 
          425.420832090314, 
          -27.452922625689038
        ], 
        [
          476.47666042285437, 
          425.420832090314, 
          1555.7291586352762, 
          -419.8491227414094
        ], 
        [
          -633.1795734833502, 
          -27.452922625689038, 
          -419.8491227414094, 
          286.7538903062902
        ]
      ], 
      "n_events": 1423.0, 
      "mean": [
        4.392510191871159, 
        -5.695073275427633, 
        -29.274784876574973, 
        -4.822010630049705
      ]
    }, 
    {
      "max_amplitude": 0.0, 
      "emittance": 0.7644785190195309, 
      "cov": [
        [
          2522.9710066553603, 
          -21.792349512090368, 
          1280.3163696159845, 
          -1050.915542890908
        ], 
        [
          -21.792349512090368, 
          269.69284503343914, 
          780.3414015789298, 
          -134.4705221334592
        ], 
        [
          1280.3163696159845, 
          780.3414015789298, 
          2988.007537340234, 
          -957.1989377188581
        ], 
        [
          -1050.915542890908, 
          -134.4705221334592, 
          -957.1989377188581, 
          517.0113085573768
        ]
      ], 
      "n_events": 100.0, 
      "mean": [
        -21.939357658762326, 
        -8.468366084572308, 
        -54.693985329630245, 
        8.10163000445592
      ]
    }
  ]
]
