[
  [
    {
      "max_amplitude": 100.0, 
      "emittance": 3.007570741316893, 
      "cov": [
        [
          3937.8286825215464, 
          -468.4455941391127, 
          634.2315253023586, 
          -1415.937155060482
        ], 
        [
          -468.4455941391127, 
          416.00652390033594, 
          983.7100418772148, 
          -2.5309660910373353
        ], 
        [
          634.2315253023586, 
          983.7100418772148, 
          3447.8024056692607, 
          -735.3359656346714
        ], 
        [
          -1415.937155060482, 
          -2.5309660910373353, 
          -735.3359656346714, 
          621.3530937201408
        ]
      ], 
      "n_events": 5003.0, 
      "mean": [
        7.856283997522257, 
        -4.998450680333112, 
        -22.470158605824807, 
        -6.723012339331372
      ]
    }, 
    {
      "max_amplitude": 96.40596008300781, 
      "emittance": 2.9884182900665257, 
      "cov": [
        [
          3938.479052498397, 
          -468.31400347707716, 
          633.4214536144176, 
          -1416.3734103990646
        ], 
        [
          -468.31400347707716, 
          415.6906040511637, 
          983.7556623192254, 
          -2.8406577212089203
        ], 
        [
          633.4214536144176, 
          983.7556623192254, 
          3446.840420660254, 
          -735.6489733190928
        ], 
        [
          -1416.3734103990646, 
          -2.8406577212089203, 
          -735.6489733190928, 
          621.4697649247946
        ]
      ], 
      "n_events": 5000.0, 
      "mean": [
        7.848325254515702, 
        -4.999144251346695, 
        -22.500205082101736, 
        -6.71638324488287
      ]
    }, 
    {
      "max_amplitude": 91.5925064086914, 
      "emittance": 2.9884182900665257, 
      "cov": [
        [
          3938.479052498397, 
          -468.31400347707716, 
          633.4214536144176, 
          -1416.3734103990646
        ], 
        [
          -468.31400347707716, 
          415.6906040511637, 
          983.7556623192254, 
          -2.8406577212089203
        ], 
        [
          633.4214536144176, 
          983.7556623192254, 
          3446.840420660254, 
          -735.6489733190928
        ], 
        [
          -1416.3734103990646, 
          -2.8406577212089203, 
          -735.6489733190928, 
          621.4697649247946
        ]
      ], 
      "n_events": 5000.0, 
      "mean": [
        7.848325254515702, 
        -4.999144251346695, 
        -22.500205082101736, 
        -6.71638324488287
      ]
    }, 
    {
      "max_amplitude": 90.0, 
      "emittance": 2.9804083808123827, 
      "cov": [
        [
          3938.5361507952625, 
          -468.29470155039917, 
          632.9387752895682, 
          -1416.7261620000293
        ], 
        [
          -468.29470155039917, 
          415.66123915658807, 
          983.915894199065, 
          -2.9900212395749186
        ], 
        [
          632.9387752895682, 
          983.915894199065, 
          3447.1987802388653, 
          -736.076728079119
        ], 
        [
          -1416.7261620000293, 
          -2.9900212395749186, 
          -736.076728079119, 
          621.6036469051337
        ]
      ], 
      "n_events": 4998.0, 
      "mean": [
        7.870454969856478, 
        -5.005760340850505, 
        -22.496656857299406, 
        -6.722063457771305
      ]
    }, 
    {
      "max_amplitude": 80.2042236328125, 
      "emittance": 2.972943892016813, 
      "cov": [
        [
          3937.011322763797, 
          -468.28565533443367, 
          633.3793388929572, 
          -1416.6912235447712
        ], 
        [
          -468.28565533443367, 
          415.70335891680537, 
          984.1831232465776, 
          -2.8763462952991574
        ], 
        [
          633.3793388929572, 
          984.1831232465776, 
          3448.4496057876104, 
          -736.2506693770134
        ], 
        [
          -1416.6912235447712, 
          -2.8763462952991574, 
          -736.2506693770134, 
          621.5262082277884
        ]
      ], 
      "n_events": 4996.0, 
      "mean": [
        7.88994898490865, 
        -5.0014246433446825, 
        -22.492116423278755, 
        -6.733471830078963
      ]
    }, 
    {
      "max_amplitude": 77.68069458007812, 
      "emittance": 2.972943892016813, 
      "cov": [
        [
          3937.011322763797, 
          -468.28565533443367, 
          633.3793388929572, 
          -1416.6912235447712
        ], 
        [
          -468.28565533443367, 
          415.70335891680537, 
          984.1831232465776, 
          -2.8763462952991574
        ], 
        [
          633.3793388929572, 
          984.1831232465776, 
          3448.4496057876104, 
          -736.2506693770134
        ], 
        [
          -1416.6912235447712, 
          -2.8763462952991574, 
          -736.2506693770134, 
          621.5262082277884
        ]
      ], 
      "n_events": 4996.0, 
      "mean": [
        7.88994898490865, 
        -5.0014246433446825, 
        -22.492116423278755, 
        -6.733471830078963
      ]
    }, 
    {
      "max_amplitude": 70.38919067382812, 
      "emittance": 2.969572061768799, 
      "cov": [
        [
          3936.6673606680597, 
          -468.0124466609118, 
          635.0072201673685, 
          -1416.883620485533
        ], 
        [
          -468.0124466609118, 
          415.6676415915621, 
          983.893617759581, 
          -2.906491071753102
        ], 
        [
          635.0072201673685, 
          983.893617759581, 
          3447.1497563281514, 
          -736.5190215837413
        ], 
        [
          -1416.883620485533, 
          -2.906491071753102, 
          -736.5190215837413, 
          621.6432858189362
        ]
      ], 
      "n_events": 4995.0, 
      "mean": [
        7.8748971934612495, 
        -4.996546081103775, 
        -22.472160349000657, 
        -6.732259278709019
      ]
    }, 
    {
      "max_amplitude": 69.31355285644531, 
      "emittance": 2.9634856422856473, 
      "cov": [
        [
          3929.450287378729, 
          -467.4063967404892, 
          636.5327406022319, 
          -1414.8273916751486
        ], 
        [
          -467.4063967404892, 
          415.7138602308993, 
          984.0450466904945, 
          -3.110093719117245
        ], 
        [
          636.5327406022319, 
          984.0450466904945, 
          3448.0103397658986, 
          -737.1030947585153
        ], 
        [
          -1414.8273916751486, 
          -3.110093719117245, 
          -737.1030947585153, 
          621.0852609864961
        ]
      ], 
      "n_events": 4993.0, 
      "mean": [
        7.934229728626903, 
        -5.00187462058709, 
        -22.48067109059119, 
        -6.749980232181953
      ]
    }, 
    {
      "max_amplitude": 64.62161254882812, 
      "emittance": 2.957937959498944, 
      "cov": [
        [
          3930.396115936789, 
          -467.72289020162475, 
          635.5542188975088, 
          -1414.73798527141
        ], 
        [
          -467.72289020162475, 
          415.73058355251004, 
          983.9268066724959, 
          -2.959060591153712
        ], 
        [
          635.5542188975088, 
          983.9268066724959, 
          3446.42741720418, 
          -736.0741769116157
        ], 
        [
          -1414.73798527141, 
          -2.959060591153712, 
          -736.0741769116157, 
          620.646543213474
        ]
      ], 
      "n_events": 4991.0, 
      "mean": [
        7.938676460198653, 
        -4.99421551317724, 
        -22.45777656402646, 
        -6.755574794340019
      ]
    }, 
    {
      "max_amplitude": 59.187442779541016, 
      "emittance": 2.945085378960844, 
      "cov": [
        [
          3929.6780740722, 
          -467.8350314931114, 
          635.629592765038, 
          -1414.3911193983708
        ], 
        [
          -467.8350314931114, 
          415.17697945778093, 
          982.278648953349, 
          -2.9984339903561974
        ], 
        [
          635.629592765038, 
          982.278648953349, 
          3440.285200224397, 
          -736.1097083509171
        ], 
        [
          -1414.3911193983708, 
          -2.9984339903561974, 
          -736.1097083509171, 
          620.4628935931808
        ]
      ], 
      "n_events": 4986.0, 
      "mean": [
        7.945171642914377, 
        -5.000003173438542, 
        -22.473564964699804, 
        -6.7671336984679105
      ]
    }, 
    {
      "max_amplitude": 54.83798599243164, 
      "emittance": 2.9361054762477097, 
      "cov": [
        [
          3930.2635953561226, 
          -467.48918682128516, 
          637.6291298283363, 
          -1414.6870488398654
        ], 
        [
          -467.48918682128516, 
          414.52626577400855, 
          980.8961779349646, 
          -3.0375874354126537
        ], 
        [
          637.6291298283363, 
          980.8961779349646, 
          3436.8141320348436, 
          -736.5975520761601
        ], 
        [
          -1414.6870488398654, 
          -3.0375874354126537, 
          -736.5975520761601, 
          620.572242915568
        ]
      ], 
      "n_events": 4982.0, 
      "mean": [
        7.911629648089995, 
        -4.977155726188763, 
        -22.411034727890968, 
        -6.759985387672717
      ]
    }, 
    {
      "max_amplitude": 49.95216369628906, 
      "emittance": 2.923759850419518, 
      "cov": [
        [
          3930.2602453329196, 
          -467.97590495287193, 
          637.898388470149, 
          -1414.7037628462895
        ], 
        [
          -467.97590495287193, 
          413.6256119250174, 
          978.6469020038684, 
          -2.873738938224836
        ], 
        [
          637.898388470149, 
          978.6469020038684, 
          3432.1777897795037, 
          -736.8537838834261
        ], 
        [
          -1414.7037628462895, 
          -2.873738938224836, 
          -736.8537838834261, 
          620.5365463569178
        ]
      ], 
      "n_events": 4976.0, 
      "mean": [
        7.948553540631305, 
        -5.010045543868323, 
        -22.489497231571566, 
        -6.7675874670901806
      ]
    }, 
    {
      "max_amplitude": 44.27065658569336, 
      "emittance": 2.9003217313189986, 
      "cov": [
        [
          3928.160483117211, 
          -465.8657513460453, 
          642.2517116066574, 
          -1414.0533507967646
        ], 
        [
          -465.8657513460453, 
          412.7340024827472, 
          977.7408510731606, 
          -4.093278587186298
        ], 
        [
          642.2517116066574, 
          977.7408510731606, 
          3431.199761525931, 
          -739.9938311286478
        ], 
        [
          -1414.0533507967646, 
          -4.093278587186298, 
          -739.9938311286478, 
          620.2710152416721
        ]
      ], 
      "n_events": 4963.0, 
      "mean": [
        7.931113907929865, 
        -5.006841348904535, 
        -22.555664769007798, 
        -6.7627548706811105
      ]
    }, 
    {
      "max_amplitude": 39.3624267578125, 
      "emittance": 2.8601105483385085, 
      "cov": [
        [
          3926.774157425658, 
          -464.0179061813343, 
          648.4314186840044, 
          -1414.0150357376772
        ], 
        [
          -464.0179061813343, 
          412.49917783060926, 
          977.7550368995759, 
          -4.870148665707568
        ], 
        [
          648.4314186840044, 
          977.7550368995759, 
          3428.8540128597688, 
          -742.8423832489856
        ], 
        [
          -1414.0150357376772, 
          -4.870148665707568, 
          -742.8423832489856, 
          619.6912783474517
        ]
      ], 
      "n_events": 4937.0, 
      "mean": [
        7.8076017859173685, 
        -4.964826864473569, 
        -22.538917195695518, 
        -6.737118511306015
      ]
    }, 
    {
      "max_amplitude": 34.707603454589844, 
      "emittance": 2.791498987534576, 
      "cov": [
        [
          3905.321578385259, 
          -456.43947490500005, 
          668.5662775851376, 
          -1406.526816249543
        ], 
        [
          -456.43947490500005, 
          406.54402963756735, 
          963.5266534234952, 
          -6.926951747641976
        ], 
        [
          668.5662775851376, 
          963.5266534234952, 
          3392.419962919285, 
          -747.9842847281083
        ], 
        [
          -1406.526816249543, 
          -6.926951747641976, 
          -747.9842847281083, 
          616.3392571404768
        ]
      ], 
      "n_events": 4885.0, 
      "mean": [
        7.772458814465884, 
        -5.057580119562648, 
        -22.93584848743634, 
        -6.677637472014134
      ]
    }, 
    {
      "max_amplitude": 29.96470069885254, 
      "emittance": 2.691536672172438, 
      "cov": [
        [
          3881.2341004081372, 
          -452.6524473947995, 
          670.5952075275766, 
          -1397.064098381218
        ], 
        [
          -452.6524473947995, 
          402.5217003233148, 
          955.8395060012311, 
          -7.708323610324182
        ], 
        [
          670.5952075275766, 
          955.8395060012311, 
          3364.666146499845, 
          -747.3225784053502
        ], 
        [
          -1397.064098381218, 
          -7.708323610324182, 
          -747.3225784053502, 
          611.3198515047909
        ]
      ], 
      "n_events": 4794.0, 
      "mean": [
        7.7041636831502895, 
        -5.147464832685544, 
        -23.367879589028753, 
        -6.612120806977445
      ]
    }, 
    {
      "max_amplitude": 24.980417251586914, 
      "emittance": 2.542570370703855, 
      "cov": [
        [
          3779.677843178148, 
          -434.6645292403716, 
          683.9897058463513, 
          -1364.8327839401948
        ], 
        [
          -434.6645292403716, 
          394.2492346721691, 
          943.1902764575025, 
          -12.19113295159109
        ], 
        [
          683.9897058463513, 
          943.1902764575025, 
          3332.1890157472712, 
          -749.4384301293551
        ], 
        [
          -1364.8327839401948, 
          -12.19113295159109, 
          -749.4384301293551, 
          598.7763789043825
        ]
      ], 
      "n_events": 4626.0, 
      "mean": [
        7.746402536360428, 
        -5.2283224277294025, 
        -23.901686873902072, 
        -6.561892731132691
      ]
    }, 
    {
      "max_amplitude": 19.99542808532715, 
      "emittance": 2.324027710230635, 
      "cov": [
        [
          3650.8258710822356, 
          -411.6629662803619, 
          695.882325668993, 
          -1321.0053976736751
        ], 
        [
          -411.6629662803619, 
          373.994058847956, 
          896.041020711062, 
          -14.591265316227421
        ], 
        [
          695.882325668993, 
          896.041020711062, 
          3186.20719772002, 
          -738.8804267690712
        ], 
        [
          -1321.0053976736751, 
          -14.591265316227421, 
          -738.8804267690712, 
          579.3215962777006
        ]
      ], 
      "n_events": 4311.0, 
      "mean": [
        7.601280696475647, 
        -5.537587389762747, 
        -25.08854675116838, 
        -6.354383037545741
      ]
    }, 
    {
      "max_amplitude": 14.975691795349121, 
      "emittance": 1.9649785988905661, 
      "cov": [
        [
          3399.1407254184082, 
          -366.9458962872156, 
          712.6353180624517, 
          -1239.478202297148
        ], 
        [
          -366.9458962872156, 
          331.9702442400959, 
          793.237599638967, 
          -14.592222484125497
        ], 
        [
          712.6353180624517, 
          793.237599638967, 
          2862.9673875911094, 
          -702.378673836805
        ], 
        [
          -1239.478202297148, 
          -14.592222484125497, 
          -702.378673836805, 
          542.4250737133916
        ]
      ], 
      "n_events": 3641.0, 
      "mean": [
        7.151028119886185, 
        -6.131561885418426, 
        -27.371793118686973, 
        -5.875246567616802
      ]
    }, 
    {
      "max_amplitude": 9.997973442077637, 
      "emittance": 1.4321386611167135, 
      "cov": [
        [
          2846.735053869268, 
          -277.26419713708503, 
          730.6278602559914, 
          -1062.7557799307212
        ], 
        [
          -277.26419713708503, 
          254.50062947052768, 
          612.9791530030875, 
          -13.654907413675442
        ], 
        [
          730.6278602559914, 
          612.9791530030875, 
          2323.8727341254253, 
          -623.5058817319787
        ], 
        [
          -1062.7557799307212, 
          -13.654907413675442, 
          -623.5058817319787, 
          467.3790067727889
        ]
      ], 
      "n_events": 2407.0, 
      "mean": [
        6.916880784764638, 
        -6.783377134380084, 
        -29.786564180503277, 
        -5.404906440540345
      ]
    }, 
    {
      "max_amplitude": 5.0, 
      "emittance": 0.7723442519099998, 
      "cov": [
        [
          1652.7935451203211, 
          -88.87973352731646, 
          628.0107469852118, 
          -648.0148104536893
        ], 
        [
          -88.87973352731646, 
          129.5744208911808, 
          340.88020875837196, 
          -29.857051775025326
        ], 
        [
          628.0107469852118, 
          340.88020875837196, 
          1403.6943249517049, 
          -439.9603093654317
        ], 
        [
          -648.0148104536893, 
          -29.857051775025326, 
          -439.9603093654317, 
          292.9570991921762
        ]
      ], 
      "n_events": 892.0, 
      "mean": [
        2.453739523867292, 
        -5.698267846821992, 
        -29.52625215056564, 
        -3.9741722840125746
      ]
    }, 
    {
      "max_amplitude": 0.0, 
      "emittance": 0.7723442519099998, 
      "cov": [
        [
          2921.3968343156366, 
          -16.306464726740757, 
          1608.7891246389543, 
          -1223.6479923370364
        ], 
        [
          -16.306464726740757, 
          155.2851327441012, 
          454.2875391948559, 
          -80.09982256994128
        ], 
        [
          1608.7891246389543, 
          454.2875391948559, 
          2292.5748808792196, 
          -935.5424284669626
        ], 
        [
          -1223.6479923370364, 
          -80.09982256994128, 
          -935.5424284669626, 
          564.9128508312763
        ]
      ], 
      "n_events": 100.0, 
      "mean": [
        -25.618571268113506, 
        -8.76700225982939, 
        -56.48200932199567, 
        9.308115355052081
      ]
    }
  ], 
  [
    {
      "max_amplitude": 349.517578125, 
      "emittance": 3.091404677893764, 
      "cov": [
        [
          3944.6601790748678, 
          -528.230839601059, 
          466.0216558713912, 
          -1399.9627920788757
        ], 
        [
          -528.230839601059, 
          444.10099797734733, 
          1031.3432623097808, 
          11.480487133548174
        ], 
        [
          466.0216558713912, 
          1031.3432623097808, 
          3503.501354160518, 
          -687.2580039698996
        ], 
        [
          -1399.9627920788757, 
          11.480487133548174, 
          -687.2580039698996, 
          611.5894765345073
        ]
      ], 
      "n_events": 4905.0, 
      "mean": [
        9.789798148881673, 
        -5.301213317890581, 
        -22.342790524610486, 
        -7.398410902315831
      ]
    }, 
    {
      "max_amplitude": 96.19844055175781, 
      "emittance": 3.005455431693276, 
      "cov": [
        [
          3942.705113510419, 
          -529.2279659269205, 
          468.9536854674973, 
          -1400.7695498155472
        ], 
        [
          -529.2279659269205, 
          443.7980738549064, 
          1032.0884975491651, 
          11.379166231324476
        ], 
        [
          468.9536854674973, 
          1032.0884975491651, 
          3500.835005623183, 
          -689.8890596023693
        ], 
        [
          -1400.7695498155472, 
          11.379166231324476, 
          -689.8890596023693, 
          611.7753488167062
        ]
      ], 
      "n_events": 4894.0, 
      "mean": [
        9.788015315954038, 
        -5.299210508198903, 
        -22.316389259440893, 
        -7.420096482244628
      ]
    }, 
    {
      "max_amplitude": 90.5009765625, 
      "emittance": 3.0010091764412477, 
      "cov": [
        [
          3942.222231419646, 
          -529.479640124046, 
          468.69893645190706, 
          -1400.8746348049635
        ], 
        [
          -529.479640124046, 
          443.87279014730944, 
          1032.2603785487931, 
          11.40166925997989
        ], 
        [
          468.69893645190706, 
          1032.2603785487931, 
          3501.4550771537984, 
          -689.9807655699503
        ], 
        [
          -1400.8746348049635, 
          11.40166925997989, 
          -689.9807655699503, 
          611.8749007241966
        ]
      ], 
      "n_events": 4893.0, 
      "mean": [
        9.771790402883425, 
        -5.301017715247843, 
        -22.320804530973813, 
        -7.417815432652815
      ]
    }, 
    {
      "max_amplitude": 89.35962677001953, 
      "emittance": 2.9927812901496478, 
      "cov": [
        [
          3942.592767119963, 
          -530.0852530677232, 
          468.73987062073815, 
          -1400.8807621697174
        ], 
        [
          -530.0852530677232, 
          443.47714013053405, 
          1031.2806636951523, 
          11.705727332292433
        ], 
        [
          468.73987062073815, 
          1031.2806636951523, 
          3498.837671753971, 
          -689.831715746307
        ], 
        [
          -1400.8807621697174, 
          11.705727332292433, 
          -689.831715746307, 
          611.8338342862655
        ]
      ], 
      "n_events": 4891.0, 
      "mean": [
        9.794115805951634, 
        -5.292208316702395, 
        -22.31270099907837, 
        -7.428491619660123
      ]
    }, 
    {
      "max_amplitude": 80.94024658203125, 
      "emittance": 2.9927812901496478, 
      "cov": [
        [
          3942.592767119963, 
          -530.0852530677232, 
          468.73987062073815, 
          -1400.8807621697174
        ], 
        [
          -530.0852530677232, 
          443.47714013053405, 
          1031.2806636951523, 
          11.705727332292433
        ], 
        [
          468.73987062073815, 
          1031.2806636951523, 
          3498.837671753971, 
          -689.831715746307
        ], 
        [
          -1400.8807621697174, 
          11.705727332292433, 
          -689.831715746307, 
          611.8338342862655
        ]
      ], 
      "n_events": 4891.0, 
      "mean": [
        9.794115805951634, 
        -5.292208316702395, 
        -22.31270099907837, 
        -7.428491619660123
      ]
    }, 
    {
      "max_amplitude": 75.61321258544922, 
      "emittance": 2.9892041919058046, 
      "cov": [
        [
          3942.475814611565, 
          -530.6919710125017, 
          467.6654224794221, 
          -1400.7536684437541
        ], 
        [
          -530.6919710125017, 
          443.29885232632046, 
          1030.8598541193712, 
          11.931351846406216
        ], 
        [
          467.6654224794221, 
          1030.8598541193712, 
          3498.069593711209, 
          -689.4485252407728
        ], 
        [
          -1400.7536684437541, 
          11.931351846406216, 
          -689.4485252407728, 
          611.7736841048028
        ]
      ], 
      "n_events": 4890.0, 
      "mean": [
        9.807853654497942, 
        -5.284793479871598, 
        -22.295287464369927, 
        -7.43464591087513
      ]
    }, 
    {
      "max_amplitude": 75.0, 
      "emittance": 2.9858602846282873, 
      "cov": [
        [
          3943.278872853007, 
          -530.8506935176156, 
          467.6299591483436, 
          -1401.0319496040672
        ], 
        [
          -530.8506935176156, 
          442.634577446332, 
          1029.0977577609792, 
          12.057573651873604
        ], 
        [
          467.6299591483436, 
          1029.0977577609792, 
          3493.629063617879, 
          -689.2660633927252
        ], 
        [
          -1401.0319496040672, 
          12.057573651873604, 
          -689.2660633927252, 
          611.8785186929131
        ]
      ], 
      "n_events": 4889.0, 
      "mean": [
        9.807028324171007, 
        -5.297217637814307, 
        -22.327756575534632, 
        -7.4326091605006015
      ]
    }, 
    {
      "max_amplitude": 67.20885467529297, 
      "emittance": 2.9858602846282873, 
      "cov": [
        [
          3943.278872853007, 
          -530.8506935176156, 
          467.6299591483436, 
          -1401.0319496040672
        ], 
        [
          -530.8506935176156, 
          442.634577446332, 
          1029.0977577609792, 
          12.057573651873604
        ], 
        [
          467.6299591483436, 
          1029.0977577609792, 
          3493.629063617879, 
          -689.2660633927252
        ], 
        [
          -1401.0319496040672, 
          12.057573651873604, 
          -689.2660633927252, 
          611.8785186929131
        ]
      ], 
      "n_events": 4889.0, 
      "mean": [
        9.807028324171007, 
        -5.297217637814307, 
        -22.327756575534632, 
        -7.4326091605006015
      ]
    }, 
    {
      "max_amplitude": 63.66718292236328, 
      "emittance": 2.9659825059587135, 
      "cov": [
        [
          3938.3864391615402, 
          -528.2584132729343, 
          472.6096157346449, 
          -1399.4643905668304
        ], 
        [
          -528.2584132729343, 
          441.95077377773686, 
          1028.7822809387947, 
          10.830143294506634
        ], 
        [
          472.6096157346449, 
          1028.7822809387947, 
          3493.4375363886793, 
          -692.1629335238839
        ], 
        [
          -1399.4643905668304, 
          10.830143294506634, 
          -692.1629335238839, 
          611.335159615366
        ]
      ], 
      "n_events": 4882.0, 
      "mean": [
        9.815928383764641, 
        -5.288291751076991, 
        -22.351993768060698, 
        -7.430918912701244
      ]
    }, 
    {
      "max_amplitude": 59.94071578979492, 
      "emittance": 2.9531147879741946, 
      "cov": [
        [
          3939.3281110274447, 
          -528.8639264339058, 
          471.27819327004954, 
          -1399.4662418014448
        ], 
        [
          -528.8639264339058, 
          442.37340042617546, 
          1029.5433894376415, 
          10.960889746366526
        ], 
        [
          471.27819327004954, 
          1029.5433894376415, 
          3492.7620905515437, 
          -691.5642776215168
        ], 
        [
          -1399.4662418014448, 
          10.960889746366526, 
          -691.5642776215168, 
          610.8744559328507
        ]
      ], 
      "n_events": 4877.0, 
      "mean": [
        9.864166120404251, 
        -5.288462886294141, 
        -22.342999684109092, 
        -7.453614389579821
      ]
    }, 
    {
      "max_amplitude": 54.71141815185547, 
      "emittance": 2.939124922163119, 
      "cov": [
        [
          3939.9150623338214, 
          -528.829779394983, 
          472.6576731743777, 
          -1399.7730074051328
        ], 
        [
          -528.829779394983, 
          442.15029587615294, 
          1028.820487640595, 
          10.729931660877902
        ], 
        [
          472.6576731743777, 
          1028.820487640595, 
          3488.7712022759824, 
          -692.7247613094244
        ], 
        [
          -1399.7730074051328, 
          10.729931660877902, 
          -692.7247613094244, 
          611.1185443137789
        ]
      ], 
      "n_events": 4871.0, 
      "mean": [
        9.865503099915948, 
        -5.290453555766355, 
        -22.35265048930316, 
        -7.457311770241121
      ]
    }, 
    {
      "max_amplitude": 49.98935317993164, 
      "emittance": 2.920609134361671, 
      "cov": [
        [
          3935.53371212688, 
          -525.7790338489851, 
          478.1531503839998, 
          -1398.1876123479026
        ], 
        [
          -525.7790338489851, 
          440.87013667357746, 
          1027.5507104114718, 
          9.420774116786731
        ], 
        [
          478.1531503839998, 
          1027.5507104114718, 
          3489.222991246099, 
          -695.4173513553286
        ], 
        [
          -1398.1876123479026, 
          9.420774116786731, 
          -695.4173513553286, 
          610.3138076336146
        ]
      ], 
      "n_events": 4862.0, 
      "mean": [
        9.813788362840558, 
        -5.247190581973896, 
        -22.27777774005831, 
        -7.444528084157047
      ]
    }, 
    {
      "max_amplitude": 44.92289352416992, 
      "emittance": 2.9020784102011383, 
      "cov": [
        [
          3922.468763253054, 
          -524.2149942655628, 
          477.9432487240068, 
          -1393.9489188915463
        ], 
        [
          -524.2149942655628, 
          440.9234495900446, 
          1028.5636189966272, 
          8.59019750224477
        ], 
        [
          477.9432487240068, 
          1028.5636189966272, 
          3491.2815480269187, 
          -696.1255869053855
        ], 
        [
          -1393.9489188915463, 
          8.59019750224477, 
          -696.1255869053855, 
          608.8100237062952
        ]
      ], 
      "n_events": 4852.0, 
      "mean": [
        9.905071394723755, 
        -5.268337942627791, 
        -22.327671509417197, 
        -7.482041920408137
      ]
    }, 
    {
      "max_amplitude": 39.98932647705078, 
      "emittance": 2.8768755002974293, 
      "cov": [
        [
          3915.835215576725, 
          -520.347508857508, 
          487.20987665361463, 
          -1391.7639971847266
        ], 
        [
          -520.347508857508, 
          439.21209491890795, 
          1026.3178314502197, 
          7.207413039813389
        ], 
        [
          487.20987665361463, 
          1026.3178314502197, 
          3488.468405766316, 
          -699.5111074698337
        ], 
        [
          -1391.7639971847266, 
          7.207413039813389, 
          -699.5111074698337, 
          607.9536022857404
        ]
      ], 
      "n_events": 4836.0, 
      "mean": [
        9.956394802100663, 
        -5.314851669176749, 
        -22.479836407172954, 
        -7.478596500983249
      ]
    }, 
    {
      "max_amplitude": 34.94274139404297, 
      "emittance": 2.8139248367207523, 
      "cov": [
        [
          3907.5390862249997, 
          -518.2943395043011, 
          489.73821474544104, 
          -1389.478068996892
        ], 
        [
          -518.2943395043011, 
          437.6336399802044, 
          1024.2417999267266, 
          6.60390554625377
        ], 
        [
          489.73821474544104, 
          1024.2417999267266, 
          3481.9358408963003, 
          -701.1283588551253
        ], 
        [
          -1389.478068996892, 
          6.60390554625377, 
          -701.1283588551253, 
          606.2129490329227
        ]
      ], 
      "n_events": 4789.0, 
      "mean": [
        9.841974134567007, 
        -5.298863504385512, 
        -22.51807824655884, 
        -7.430384045238716
      ]
    }, 
    {
      "max_amplitude": 29.993877410888672, 
      "emittance": 2.7344159760353963, 
      "cov": [
        [
          3864.798401571484, 
          -512.4890362313256, 
          489.45592366521817, 
          -1374.307603981907
        ], 
        [
          -512.4890362313256, 
          434.7362200551853, 
          1018.6573822751238, 
          5.237503094351723
        ], 
        [
          489.45592366521817, 
          1018.6573822751238, 
          3459.66978680155, 
          -698.9928886906339
        ], 
        [
          -1374.307603981907, 
          5.237503094351723, 
          -698.9928886906339, 
          599.1456141100741
        ]
      ], 
      "n_events": 4717.0, 
      "mean": [
        9.76360410451831, 
        -5.29102041757477, 
        -22.701469343698935, 
        -7.356141509494191
      ]
    }, 
    {
      "max_amplitude": 24.98292350769043, 
      "emittance": 2.58856961635367, 
      "cov": [
        [
          3806.2268846101842, 
          -492.35665230621817, 
          526.142100880036, 
          -1360.0612110143002
        ], 
        [
          -492.35665230621817, 
          419.32825552771305, 
          985.2412734242134, 
          1.4310878654882089
        ], 
        [
          526.142100880036, 
          985.2412734242134, 
          3373.262552406895, 
          -705.942781276875
        ], 
        [
          -1360.0612110143002, 
          1.4310878654882089, 
          -705.942781276875, 
          594.4565879980653
        ]
      ], 
      "n_events": 4554.0, 
      "mean": [
        9.921171305940643, 
        -5.413273714433447, 
        -23.184974079985118, 
        -7.359097657798311
      ]
    }, 
    {
      "max_amplitude": 19.986263275146484, 
      "emittance": 2.3331322267100627, 
      "cov": [
        [
          3674.7808966164985, 
          -463.9055719088386, 
          548.401807482641, 
          -1316.8135541934823
        ], 
        [
          -463.9055719088386, 
          398.16663132090054, 
          937.8628858131656, 
          -2.899344098415689
        ], 
        [
          548.401807482641, 
          937.8628858131656, 
          3220.3244014356364, 
          -698.9882181920793
        ], 
        [
          -1316.8135541934823, 
          -2.899344098415689, 
          -698.9882181920793, 
          575.5795463510489
        ]
      ], 
      "n_events": 4192.0, 
      "mean": [
        10.06984810291921, 
        -5.669447553593303, 
        -24.083607135636022, 
        -7.319772166203998
      ]
    }, 
    {
      "max_amplitude": 14.992269515991211, 
      "emittance": 1.9758987054381234, 
      "cov": [
        [
          3465.282592014716, 
          -415.2454036592931, 
          598.831198467695, 
          -1254.3023398740825
        ], 
        [
          -415.2454036592931, 
          356.3062164181109, 
          844.259518867385, 
          -4.193387283289994
        ], 
        [
          598.831198467695, 
          844.259518867385, 
          2959.0646446644837, 
          -678.6730999721963
        ], 
        [
          -1254.3023398740825, 
          -4.193387283289994, 
          -678.6730999721963, 
          546.9847385686288
        ]
      ], 
      "n_events": 3549.0, 
      "mean": [
        9.848867447911847, 
        -6.171623858780827, 
        -26.209763315159762, 
        -6.907689004463961
      ]
    }, 
    {
      "max_amplitude": 9.992232322692871, 
      "emittance": 1.4566574991491001, 
      "cov": [
        [
          2710.1987816772016, 
          -266.38649704622094, 
          659.4042616428834, 
          -1014.7599891966945
        ], 
        [
          -266.38649704622094, 
          273.0813480621219, 
          675.7062652476524, 
          -26.16582548014886
        ], 
        [
          659.4042616428834, 
          675.7062652476524, 
          2460.6165822575977, 
          -624.1932606847424
        ], 
        [
          -1014.7599891966945, 
          -26.16582548014886, 
          -624.1932606847424, 
          454.75229441789685
        ]
      ], 
      "n_events": 2382.0, 
      "mean": [
        8.352694240837618, 
        -6.131652979867002, 
        -27.541457310407047, 
        -6.339504250795716
      ]
    }, 
    {
      "max_amplitude": 5.0, 
      "emittance": 0.7625610118220414, 
      "cov": [
        [
          1658.2297947243724, 
          -133.30249469638002, 
          499.01248357804457, 
          -636.871881337595
        ], 
        [
          -133.30249469638002, 
          160.6132385693267, 
          408.03826751873964, 
          -27.29133037851897
        ], 
        [
          499.01248357804457, 
          408.03826751873964, 
          1522.136824302037, 
          -425.66463732859324
        ], 
        [
          -636.871881337595, 
          -27.29133037851897, 
          -425.66463732859324, 
          290.9926510602211
        ]
      ], 
      "n_events": 810.0, 
      "mean": [
        5.4761129999384925, 
        -6.1684613858361645, 
        -29.892876303648247, 
        -5.3066361670109545
      ]
    }, 
    {
      "max_amplitude": 0.0, 
      "emittance": 0.7625610118220414, 
      "cov": [
        [
          3327.9680537582817, 
          -64.5667263266143, 
          1613.8440661501154, 
          -1383.3076794356305
        ], 
        [
          -64.5667263266143, 
          213.03594222558092, 
          598.1620478889593, 
          -91.97660802593661
        ], 
        [
          1613.8440661501154, 
          598.1620478889593, 
          2671.159924705779, 
          -1026.9691128223815
        ], 
        [
          -1383.3076794356305, 
          -91.97660802593661, 
          -1026.9691128223815, 
          644.9213959373083
        ]
      ], 
      "n_events": 100.0, 
      "mean": [
        -6.215699417815247, 
        -10.723420195093524, 
        -51.63461354331692, 
        2.1213098445573095
      ]
    }
  ]
]
